100
35 98 13
33 88 30
18 28 3
4 28 27
66 81 19
48 95 10
18 40 11
61 28 27
57 84 23
52 6 3
20 36 20
6 42 11
68 50 10
18 9 26
77 40 5
85 56 5
66 28 20
82 55 18
80 77 7
55 86 12
43 33 11
35 92 9
13 21 14
64 99 20
43 62 24
75 66 29
74 52 20
95 95 9
81 34 6
76 87 26
10 79 9
45 75 21
45 25 11
79 36 6
65 93 19
95 44 0
37 42 13
83 65 19
98 11 19
20 3 26
67 65 6
66 9 30
74 91 27
90 74 28
59 65 19
17 96 7
6 86 8
65 62 7
25 1 15
88 23 10
42 94 7
20 85 25
96 12 4
32 43 21
42 97 20
96 51 13
72 87 3
63 0 21
65 73 10
34 2 21
43 33 6
1 19 0
51 55 6
69 22 5
8 53 15
19 47 2
25 59 29
31 2 9
26 47 8
64 31 8
47 59 0
30 26 25
85 8 18
30 15 7
34 9 0
84 7 6
61 38 22
8 29 1
31 14 4
86 97 10
28 56 0
66 20 19
47 11 13
77 79 0
2 82 18
9 2 15
42 35 9
21 36 18
30 59 24
29 16 24
2 17 15
73 39 9
58 73 5
53 81 15
68 35 11
2 66 9
25 17 14
77 73 16
16 6 16
26 32 24
5 99 20
23 23 20
43 72 15
87 48 23
86 49 24
33 79 27
57 79 12
41 6 3
70 81 8
72 39 5
53 13 23
40 85 12
35 6 13
51 79 0
57 44 21
74 95 4
19 73 17
46 6 2
4 82 24
66 44 23
87 33 29
18 92 15
46 75 24
45 36 7
47 9 15
45 80 10
96 55 4
93 51 9
73 77 29
23 86 12
24 79 13
9 24 12
45 44 15
10 1 30
91 71 28
39 21 21
44 7 10
51 59 9
53 29 16
1 25 22
13 12 12
9 23 17
20 78 16
64 61 6
14 60 21
36 75 2
38 57 28
33 5 26
59 5 4
68 29 4
79 50 14
2 97 9
48 43 4
88 97 20
66 0 6
69 82 24
97 85 1
60 11 9
13 57 14
79 66 20
37 77 11
34 44 17
3 54 12
58 65 14
45 61 2
53 55 26
23 40 4
74 19 28
95 40 4
27 86 7
33 12 16
46 82 21
44 91 21
74 9 0
46 89 5
81 48 22
39 38 13
40 72 22
59 12 23
47 6 5
11 94 29
25 4 11
65 96 26
9 11 9
10 23 16
42 51 5
39 70 13
93 72 5
70 25 3
49 80 8
83 7 27
8 37 27
77 20 4
3 74 20
30 48 30
40 18 30
90 89 9
28 87 3
22 36 19
63 56 21
54 24 24
39 19 17
5 62 29
70 7 14
34 36 22
84 24 12
37 94 8
31 67 7
89 11 11
42 74 22
20 24 20
74 94 21
67 44 18
35 35 22
77 80 3
91 17 19
2 31 8
96 71 30
27 36 8
95 79 3
40 70 3
88 99 17
79 7 27
13 10 3
40 54 22
80 28 30
82 4 21
41 50 26
63 24 11
18 3 7
82 72 11
16 62 8
79 9 2
26 32 22
8 88 14
88 33 17
49 4 28
90 66 24
61 81 18
49 38 5
84 32 8
36 38 19
73 50 30
38 44 21
98 66 7
6 64 6
37 3 18
86 96 20
40 15 22
66 24 21
54 84 16
44 62 9
21 75 29
82 8 4
35 88 29
50 19 9
95 87 0
67 70 6
78 14 11
27 47 28
40 86 17
50 94 8
69 20 22
28 32 6
75 11 6
34 65 1
46 65 28
97 82 14
96 60 29
52 97 8
7 66 30
63 0 6
34 50 25
35 26 4
9 70 19
54 43 18
50 67 23
39 4 4
3 93 3
0 69 1
80 59 30
78 65 13
99 67 29
87 89 27
23 95 28
88 5 29
23 44 16
73 47 7
11 26 6
8 32 30
95 1 17
93 86 0
74 11 10
81 97 25
51 35 13
62 62 22
19 2 16
58 81 4
27 81 8
84 42 27
92 58 23
86 39 11
38 56 17
53 9 9
84 16 9
11 93 24
0 76 18
74 13 13
97 61 13
87 28 5
70 79 1
73 98 13
58 26 2
43 29 29
28 38 17
89 50 28
33 96 8
40 9 1
28 66 30
3 88 20
59 24 20
64 37 15
56 15 22
73 31 1
92 48 22
75 57 18
45 85 19
70 49 24
38 83 2
48 54 6
50 28 6
88 74 0
58 60 15
15 72 30
15 20 29
86 94 12
91 6 23
53 50 9
15 63 0
42 14 4
16 62 7
62 33 9
29 14 1
8 51 26
41 11 4
36 10 9
34 50 14
20 47 8
52 59 23
5 26 15
37 77 16
40 14 18
46 65 2
53 4 24
18 35 9
13 19 21
54 76 13
96 73 11
16 62 5
94 78 5
93 24 19
12 62 29
26 42 12
69 6 20
14 59 6
1 48 30
42 8 27
49 75 28
99 97 30
93 52 22
7 44 5
44 61 3
56 11 9
40 32 11
30 66 28
98 31 14
62 6 20
99 7 12
7 89 8
36 17 24
11 98 5
47 57 4
92 81 19
96 72 14
27 20 30
14 75 3
78 51 29
2 11 24
17 48 11
89 87 20
8 84 4
83 47 26
6 79 30
97 71 6
55 58 17
56 39 22
17 66 24
46 51 29
92 27 10
37 13 23
1 49 23
36 83 23
53 51 25
41 60 29
37 63 8
61 68 7
11 1 9
59 62 10
19 10 27
6 35 28
95 73 5
66 83 19
27 50 14
31 15 0
62 23 23
18 74 16
84 47 3
99 74 16
28 68 4
75 74 4
45 84 9
62 54 22
83 94 17
64 32 17
96 23 24
58 38 20
57 91 30
21 83 6
31 43 4
25 86 3
97 63 16
1 8 13
86 32 2
32 86 4
60 7 26
9 0 19
55 93 28
47 62 6
1 70 15
0 69 11
80 62 9
84 3 7
51 34 11
44 40 10
46 83 4
58 91 3
44 26 12
35 63 7
20 39 1
91 38 16
49 76 29
24 62 28
45 42 0
85 86 21
65 84 3
60 16 4
21 48 5
92 80 0
50 15 16
42 58 12
99 3 25
64 92 21
4 26 30
46 3 6
2 31 27
88 40 28
40 97 1
22 16 10
87 99 26
55 47 25
63 8 10
64 94 26
56 1 3
38 98 14
77 37 22
33 23 19
49 41 5
55 77 19
8 63 9
79 12 7
42 10 6
37 19 12
57 10 9
68 92 25
50 33 7
14 30 6
99 87 19
17 60 3
3 83 29
50 26 24
57 34 30
92 16 16
50 73 8
33 43 5
30 52 1
2 20 28
10 10 26
51 31 13
62 72 11
19 10 2
73 98 5
48 76 2
95 1 29
42 44 5
98 96 12
59 97 23
69 39 20
0 2 8
32 59 14
76 77 19
3 72 30
78 8 28
48 29 8
34 19 2
11 84 1
24 72 23
0 42 14
88 69 14
67 21 25
77 44 30
34 44 12
79 68 22
73 15 3
35 98 8
87 19 11
6 75 16
16 80 3
52 96 27
38 52 17
20 34 22
94 90 10
5 93 30
44 7 22
95 66 19
78 49 23
78 26 12
57 87 12
70 96 2
69 61 0
17 65 30
16 42 25
94 92 25
81 11 5
42 44 12
72 27 23
68 36 19
54 35 13
35 33 4
66 86 22
19 2 7
93 62 14
56 38 14
40 84 14
76 39 22
69 66 29
83 91 6
38 41 9
55 75 3
8 24 4
75 82 13
83 14 1
69 26 6
5 37 10
97 0 3
63 48 0
28 22 29
14 88 28
33 38 23
59 87 7
92 29 6
5 8 0
3 1 21
11 93 7
52 58 16
72 71 16
87 52 2
97 80 10
87 98 26
46 47 15
51 92 28
27 93 10
50 33 27
42 70 25
28 82 7
14 73 1
81 16 10
27 71 15
73 58 29
6 52 12
6 11 15
10 0 5
69 18 6
60 21 17
32 5 21
98 78 25
82 87 4
74 47 23
78 4 10
15 29 12
83 56 5
98 62 9
97 79 5
34 40 1
36 82 29
57 7 30
68 36 17
85 88 11
24 31 5
46 11 5
39 52 25
52 49 11
62 80 16
84 8 23
87 0 21
37 11 5
8 5 23
84 49 14
36 10 27
29 77 27
1 3 24
52 94 25
51 81 14
19 0 23
73 7 8
18 0 19
54 62 17
2 20 23
34 18 22
84 95 16
27 32 21
79 63 14
74 78 27
51 56 1
47 32 24
86 89 29
14 35 17
17 18 20
42 87 9
10 75 16
96 89 0
81 21 11
46 60 9
55 35 30
36 7 22
26 17 14
83 97 28
94 49 9
6 39 19
76 28 2
75 32 7
87 55 1
19 3 3
70 39 20
57 51 11
2 61 28
52 71 19
3 62 10
36 48 13
45 65 6
61 72 8
89 93 22
20 24 11
77 48 22
50 87 21
51 79 1
19 90 0
98 28 0
95 91 19
90 56 5
93 67 19
35 39 17
60 56 12
9 3 24
7 33 6
83 56 20
89 72 18
72 48 15
44 22 8
65 47 29
49 8 1
93 37 15
50 45 25
54 93 7
5 65 21
59 22 18
89 76 9
32 12 28
24 76 26
19 78 10
10 49 11
57 30 0
22 1 9
11 32 6
46 79 28
97 93 26
75 3 1
80 33 7
1 88 1
68 85 3
15 91 26
47 6 16
58 84 22
39 19 30
39 40 1
40 41 18
50 40 27
83 68 25
82 60 19
65 61 5
82 64 3
56 63 14
69 92 8
94 18 6
84 75 20
35 18 27
81 65 14
67 22 17
47 31 3
14 65 12
21 9 4
59 51 20
67 87 14
15 14 9
84 76 26
8 95 3
32 33 20
40 9 10
91 88 12
24 0 21
53 73 20
11 12 29
49 22 2
83 12 11
7 6 0
75 95 23
21 57 15
75 41 22
45 43 17
37 88 19
17 49 29
19 20 18
73 82 30
70 39 16
29 18 9
76 55 10
6 11 9
75 61 17
44 11 30
0 21 4
20 44 22
76 20 17
70 81 26
40 13 20
30 69 13
12 32 19
46 65 7
94 80 29
32 14 3
25 6 11
10 65 11
87 60 6
36 86 29
57 27 4
46 79 9
38 90 10
13 46 6
38 16 9
88 8 21
62 75 7
10 87 27
5 43 23
48 12 5
41 53 17
33 27 17
94 68 11
89 93 18
47 45 14
24 49 15
26 0 10
6 96 5
83 52 6
92 85 8
90 10 16
88 39 24
44 50 26
92 66 0
59 48 27
85 12 2
89 1 10
16 4 10
62 30 8
82 87 24
29 54 26
95 77 30
56 43 13
32 28 20
53 25 26
44 10 23
50 88 3
62 36 13
50 66 13
8 30 20
82 8 12
76 63 17
65 52 7
82 71 23
35 12 25
52 86 5
77 62 28
21 24 1
34 44 19
97 83 29
37 52 16
6 43 27
35 88 21
25 11 26
46 51 14
8 49 1
98 42 5
76 78 20
99 22 26
51 56 25
75 4 26
16 72 18
73 63 23
98 72 7
39 85 27
4 79 0
8 93 30
26 51 13
50 67 18
30 92 17
60 4 15
91 46 21
47 74 21
6 88 19
55 80 28
71 85 21
77 77 25
98 53 6
46 97 28
60 4 26
68 49 15
63 7 15
87 67 30
54 67 8
73 91 23
97 42 28
7 24 19
13 58 2
59 41 5
32 68 21
19 41 1
3 8 23
8 3 8
52 16 12
4 54 10
15 67 7
83 32 24
20 48 21
18 78 25
32 24 29
77 12 4
16 2 16
20 2 14
15 80 7
94 30 15
72 67 24
2 17 17
54 8 27
99 77 19
90 18 20
10 97 4
84 94 17
24 44 30
53 25 6
76 87 4
36 16 18
76 24 3
5 67 26
63 1 12
44 31 21
20 34 13
48 81 26
83 9 4
95 46 10
51 98 14
83 66 13
26 96 21
3 24 25
34 55 15
2 15 0
69 76 25
93 84 6
55 86 3
33 60 5
97 77 29
3 46 12
31 80 11
0 55 11
14 63 12
30 33 7
70 58 19
12 19 22
19 74 4
79 50 1
94 33 12
20 21 21
7 72 21
75 45 10
80 9 30
60 85 25
19 16 8
67 61 11
9 18 13
53 34 13
39 26 22
64 45 22
41 7 20
83 42 21
43 28 19
93 98 12
27 78 17
34 94 10
76 15 10
46 96 5
47 28 12
72 18 3
18 50 24
50 2 25
81 5 1
79 4 27
89 91 22
18 87 10
55 86 28
26 61 9
82 28 24
38 83 14
8 62 15
80 58 8
10 60 10
84 75 22
74 23 3
54 33 5
66 0 14
58 83 20
65 18 2
28 66 4
55 8 10
57 47 7
12 67 22
36 91 28
68 96 11
92 75 9
80 43 13
63 83 0
97 11 19
15 31 10
47 7 30
7 33 10
97 37 21
39 86 18
30 68 29
64 2 17
23 69 0
45 75 27
15 54 2
27 12 6
0 59 6
93 35 0
87 10 22
37 80 19
36 62 4
1 5 22
95 82 17
18 49 20
43 61 4
20 4 8
13 26 5
29 45 24
27 7 1
69 39 11
71 35 27
37 58 4
95 90 24
68 0 9
2 12 6
35 41 16
80 66 20
19 46 6
48 61 5
72 43 25
43 97 27
88 63 15
30 31 15
0 68 23
26 32 21
70 1 26
28 63 26
23 63 24
52 98 6
94 13 18
40 96 24
28 1 10
91 37 11
6 23 30
99 42 19
90 33 20
19 8 21
53 19 15
94 16 16
64 43 6
42 4 28
52 96 10
17 21 2
10 71 4
65 20 15
71 63 0
35 5 4
9 74 25
46 23 20
30 55 5
98 74 10
33 73 5
42 76 11
21 75 5
95 8 19
38 0 6
8 38 3
55 43 25
16 20 26
87 93 24
87 44 9
17 10 6
10 96 0
34 15 7
83 15 9
39 98 4
78 76 0
84 54 23
49 73 30
83 50 6
0 51 15
92 60 28
44 96 3
74 14 16
19 17 5
69 5 1
98 44 13
61 26 30
69 28 1
7 59 24
25 25 12
7 80 2
76 29 6
35 17 10
54 37 25
91 16 24
63 72 9
72 58 20
36 23 27
70 33 28
20 60 4
35 16 5
62 14 17
38 26 27
82 16 12
0 35 20
32 12 10
13 28 7
52 17 28
35 32 28
58 69 18
11 6 13
39 11 10
35 43 23
24 57 2
74 8 8
31 8 28
47 21 18
26 6 11
42 29 7
76 19 13
7 87 2
71 15 18
97 72 5
9 62 15
49 51 30
45 71 8
25 22 0
6 18 30
79 3 1
50 12 8
20 93 7
29 75 26
62 41 28
57 85 20
67 68 8
2 11 18
91 67 0
68 89 27
28 40 12
84 74 9
51 20 25
12 73 7
22 65 18
16 55 13
75 66 9
3 63 24
4 2 24
46 63 18
27 27 23
15 53 15
52 63 17
95 83 30
86 48 9
28 57 29
72 66 17
56 32 15
15 44 18
71 79 5
67 21 8
88 28 21
52 10 11
7 43 27
16 44 5
62 19 12
64 61 17
65 95 19
60 0 6
98 18 28
20 82 29
70 11 29
73 49 19
6 1 25
6 23 11
54 98 8
49 30 19
63 3 19
39 40 0
7 84 26
4 79 28
76 78 22
81 96 16
35 54 23
12 87 29
48 30 8
12 97 17
90 60 11
66 34 5
14 36 0
27 59 25
65 42 27
72 0 2
10 16 3
34 75 29
35 32 18
55 50 12
67 3 13
91 70 20
98 43 21
95 4 25
92 41 26
9 31 1
70 58 21
33 52 21
87 99 23
71 1 5
33 73 13
11 74 20
11 38 7
0 60 30
72 22 8
57 85 26
32 37 8
26 19 10
38 48 16
74 75 10
50 66 29
43 55 16
19 38 8
51 67 13
80 5 24
24 77 6
83 62 9
19 65 1
68 90 30
34 15 12
28 38 27
45 21 10
50 63 26
72 49 5
1 61 8
42 20 3
14 12 6
72 94 12
29 0 26
22 18 6
12 84 12
74 68 14
87 59 12
79 3 2
3 64 17
17 50 8
90 36 21
58 20 6
75 31 29
2 64 11
72 49 6
49 78 18
54 80 3
14 35 23
94 9 13
19 64 22
8 63 18
54 47 3
54 90 27
57 58 8
78 98 30
71 17 13
28 22 24
8 22 9
92 10 2
80 55 1
1 13 15
39 3 9
34 90 15
4 61 21
84 88 15
19 38 1
17 50 26
17 79 18
53 74 21
79 90 27
22 4 18
16 18 13
55 29 29
84 67 16
86 15 13
16 48 24
6 8 29
57 62 29
70 23 15
7 92 26
61 64 12
43 54 19
73 70 22
63 20 29
17 42 13
97 40 18
58 72 15
45 9 18
42 40 10
14 4 28
92 93 23
17 16 25
42 28 10
56 49 26
22 41 1
68 84 9
42 64 11
9 94 14
47 36 17
93 37 3
46 30 5
13 37 29
41 31 12
13 50 18
55 92 25
55 3 11
98 72 27
42 92 29
27 34 28
44 34 8
5 57 14
39 76 21
65 30 25
10 77 6
97 18 24
82 79 16
13 85 10
13 5 4
25 22 8
67 5 0
57 37 27
80 88 13
61 46 1
30 65 10
99 58 9
8 46 10
27 44 30
76 71 0
12 78 17
37 33 16
24 2 24
74 48 10
60 4 1
94 63 19
17 61 22
56 43 28
74 85 15
38 90 20
18 81 2
90 48 10
42 81 10
22 78 0
64 78 1
81 85 12
4 98 23
14 41 2
57 99 15
59 86 9
3 18 27
4 0 28
30 43 3
41 11 5
79 53 30
17 62 20
5 24 27
27 72 23
79 42 17
3 56 25
43 12 10
49 9 8
86 14 19
17 58 15
21 18 6
14 30 29
6 54 11
98 65 5
78 73 14
1 19 2
24 10 29
41 93 30
25 58 7
36 90 11
3 78 0
14 17 26
40 9 29
97 45 30
49 99 20
48 92 8
28 65 2
31 22 16
97 94 17
60 43 29
59 87 16
73 88 3
20 40 0
51 60 25
52 30 3
7 67 11
29 8 7
95 48 19
37 60 3
32 99 2
13 41 13
60 64 21
70 90 3
78 89 13
15 40 9
57 99 30
4 27 5
6 92 0
18 43 29
70 55 8
21 83 20
99 9 22
0 90 11
57 25 8
10 83 16
31 83 23
57 6 29
54 29 12
4 57 15
33 18 18
34 65 13
69 16 8
66 64 3
94 27 7
27 2 21
82 16 10
70 94 19
98 47 25
30 91 24
72 83 28
84 65 1
22 16 1
8 60 24
29 35 18
82 5 21
58 84 0
96 59 20
76 18 20
34 14 6
29 81 13
9 86 15
32 25 24
18 85 17
18 1 9
46 5 5
5 60 4
82 42 9
24 92 28
50 90 22
89 53 18
94 47 14
13 62 22
66 67 9
50 94 5
64 37 1
38 52 22
63 49 5
82 70 8
13 26 12
80 87 10
41 78 30
45 3 28
53 49 20
33 59 11
23 85 24
39 31 2
18 77 20
15 11 25
35 51 23
34 85 19
39 78 8
84 38 3
18 96 10
60 84 21
6 13 3
91 77 28
99 26 14
60 24 3
24 1 15
54 71 28
23 86 0
76 37 16
1 74 5
47 98 24
66 34 16
14 19 10
47 49 19
44 92 3
79 54 19
10 3 26
50 19 11
91 54 22
94 31 24
43 2 0
73 8 21
47 66 9
42 75 18
70 41 21
46 69 6
34 78 25
7 78 23
98 49 20
68 84 24
47 11 12
51 17 1
14 3 3
17 63 12
15 87 17
3 87 18
36 53 26
21 29 28
4 1 13
29 72 9
66 54 30
10 88 18
15 59 18
70 54 22
61 41 12
81 29 28
16 65 6
54 29 25
31 49 24
80 17 4
56 19 1
15 42 11
31 16 4
85 68 22
17 86 24
51 74 25
88 90 10
53 88 24
51 86 6
49 38 9
76 70 3
80 56 20
6 39 8
28 69 21
71 72 30
46 33 25
19 45 28
47 94 25
12 79 18
36 32 18
68 94 8
3 60 8
65 25 24
96 65 4
62 37 1
62 60 20
51 39 24
4 31 7
64 10 13
65 79 4
23 95 2
47 15 15
70 70 5
28 98 8
10 62 16
28 82 23
82 28 16
79 49 29
18 67 11
57 96 18
81 6 16
28 70 0
48 42 27
65 15 0
87 55 3
90 47 6
38 98 19
17 52 22
27 26 19
9 42 2
57 25 3
41 23 27
47 22 21
37 93 17
31 59 30
65 78 6
25 95 0
8 20 15
51 13 25
8 37 16
16 12 22
82 0 13
87 67 21
94 95 16
88 7 10
64 45 13
36 69 30
67 64 11
48 19 22
73 35 27
41 22 22
5 21 20
80 86 2
81 78 16
0 24 26
29 87 6
21 12 21
61 72 12
43 2 4
63 12 4
81 83 23
26 10 22
86 65 12
25 22 12
8 64 23
35 42 15
9 8 6
4 75 1
97 88 6
53 76 9
63 77 13
86 89 29
88 39 18
4 27 3
7 96 30
34 54 22
13 58 5
88 32 14
98 14 16
2 68 19
25 8 20
79 56 23
42 36 16
96 85 15
35 13 14
99 36 22
7 22 25
32 88 12
86 11 24
15 84 17
63 17 10
70 96 22
15 48 30
17 80 24
52 58 3
78 36 16
96 22 27
44 91 29
29 6 23
68 99 27
77 79 9
80 25 0
3 97 29
52 18 23
92 65 14
81 92 28
36 50 23
93 37 21
0 8 12
13 41 1
49 59 22
0 72 24
23 83 25
31 70 23
62 79 20
14 41 17
70 14 5
97 31 30
0 18 11
70 97 12
40 77 14
74 46 21
50 85 12
9 86 20
59 91 7
89 94 16
45 18 23
69 20 28
70 69 2
54 31 1
99 57 7
57 56 18
49 60 5
44 44 17
67 45 24
59 18 7
15 55 16
44 36 21
24 50 5
12 48 13
62 58 22
99 76 10
10 65 18
58 91 22
63 80 2
27 87 8
96 86 13
43 64 17
83 92 4
9 16 8
84 61 20
90 33 7
29 3 9
18 88 13
83 21 18
38 9 9
38 95 10
17 26 17
8 37 11
91 48 12
72 65 20
96 57 21
41 73 7
43 93 30
17 31 30
88 25 27
91 31 9
37 77 16
77 6 26
89 58 1
71 39 19
82 6 6
80 56 27
27 6 19
43 39 8
12 26 15
24 12 20
57 15 8
8 79 7
52 22 2
9 55 30
1 6 20
32 29 6
87 27 8
79 31 19
61 21 26
33 78 2
1 77 22
69 30 25
38 26 13
61 78 29
3 58 13
58 82 13
46 6 10
4 5 3
52 43 11
99 76 13
94 91 21
63 57 21
63 46 30
57 82 20
96 9 1
72 6 12
64 97 28
9 26 27
54 34 6
8 49 26
98 46 21
66 19 3
28 85 7
74 85 20
60 57 19
54 99 7
57 19 21
43 94 19
22 80 29
45 60 3
54 41 11
81 9 14
59 43 9
78 77 23
49 23 15
5 66 7
71 91 1
97 90 11
56 67 8
79 97 28
45 90 4
73 29 8
54 8 23
35 32 25
57 45 30
89 66 0
88 77 6
96 93 22
69 86 20
52 35 14
98 47 8
92 45 12
89 13 17
70 72 26
51 68 18
93 5 9
76 39 4
14 39 11
74 43 15
93 85 21
23 32 8
41 99 18
44 64 11
49 73 15
45 31 13
43 59 10
38 40 12
72 6 4
67 57 10
85 97 2
91 76 12
44 76 5
59 62 11
52 90 24
54 27 16
94 79 18
98 2 7
67 62 3
57 81 27
99 71 11
34 53 14
3 16 10
8 60 0
80 74 25
34 22 7
53 28 2
22 40 29
49 33 0
81 29 5
54 74 26
58 87 8
97 10 4
31 92 18
43 7 28
61 59 19
96 32 18
92 97 16
73 31 24
55 80 7
64 71 7
26 75 15
12 55 18
27 24 7
60 71 3
48 25 8
69 48 15
69 4 21
35 49 13
23 59 29
98 23 13
81 72 29
54 98 6
98 92 17
0 20 4
80 92 16
72 17 5
32 24 18
3 3 15
48 80 16
56 37 10
2 88 23
24 34 28
95 42 11
36 52 12
85 13 12
88 15 29
59 6 23
74 80 27
45 96 8
82 39 28
19 90 15
73 76 21
49 23 20
38 25 14
6 5 7
2 2 13
59 16 30
19 65 21
27 96 17
57 39 11
34 1 19
9 63 20
42 12 7
10 6 10
13 48 11
1 74 27
78 36 19
50 95 18
27 87 21
76 90 30
16 88 30
76 61 22
90 78 28
46 86 27
51 88 18
38 81 3
70 63 18
7 96 17
7 38 8
23 36 15
29 37 8
57 64 11
96 50 5
23 92 28
93 38 14
42 53 22
16 1 21
0 60 18
41 26 6
56 53 28
63 29 11
42 76 4
57 9 17
43 17 27
98 63 6
89 15 2
11 38 6
43 79 11
81 88 9
32 6 16
57 29 25
0 87 14
2 25 18
98 71 27
6 39 14
2 0 14
29 6 23
84 95 3
56 2 19
18 74 10
27 62 0
57 99 3
86 73 22
0 19 19
48 59 16
71 64 0
22 75 9
36 57 1
32 50 19
84 17 13
92 35 12
60 24 29
94 66 23
20 8 12
31 29 15
87 18 17
88 31 29
60 43 5
11 12 22
47 83 11
41 73 12
36 94 21
99 55 8
13 2 12
85 30 7
47 48 4
76 63 21
28 97 21
4 25 26
30 6 24
50 24 3
63 28 19
68 40 27
53 59 21
58 68 3
14 73 9
2 36 2
24 59 27
80 7 11
80 22 14
41 56 15
39 74 12
38 30 1
48 19 18
75 50 29
89 57 8
77 38 12
64 97 12
5 81 6
25 31 10
60 42 25
57 3 17
69 94 15
67 25 30
70 36 5
16 90 15
73 56 17
0 33 25
34 78 21
77 82 0
76 57 6
24 95 25
35 63 14
82 75 3
87 48 2
40 23 27
19 28 4
44 45 5
3 32 18
50 98 28
15 33 27
71 80 28
25 85 26
46 33 10
54 14 4
60 49 5
8 15 17
66 53 8
20 17 6
30 6 25
27 44 22
26 84 3
79 31 18
30 36 17
80 31 4
40 40 28
6 91 30
77 11 19
75 27 24
69 19 6
98 29 26
38 2 22
81 59 7
80 13 27
80 25 5
1 35 13
98 13 29
30 38 13
88 12 11
7 5 9
85 66 13
56 26 24
0 86 5
95 99 0
93 50 8
27 74 16
42 48 2
93 63 23
8 1 20
3 69 7
15 64 26
21 82 29
22 48 23
80 79 20
29 69 10
97 19 16
58 57 5
74 68 29
56 99 16
33 70 25
11 17 0
0 63 0
58 58 20
37 71 28
77 40 17
22 1 17
90 81 2
97 5 23
0 57 13
81 7 14
2 2 20
40 17 19
73 83 12
59 91 27
4 24 21
67 81 16
59 88 24
24 35 12
6 34 19
84 53 2
51 59 12
24 64 3
4 28 7
45 19 0
94 77 4
25 66 26
41 65 22
40 36 26
71 62 5
28 34 13
44 86 0
96 81 28
71 57 0
41 57 12
96 42 8
5 1 28
30 82 11
37 95 13
88 57 15
7 66 5
77 64 0
93 27 20
15 18 3
25 75 12
22 24 12
68 80 11
1 82 9
9 22 15
23 9 7
79 99 30
28 65 6
86 83 24
10 7 1
92 56 9
60 93 30
38 49 18
47 23 10
75 32 21
27 29 12
43 80 12
41 26 4
36 82 29
52 0 9
50 18 8
98 59 15
34 27 1
37 95 30
97 64 5
51 44 16
5 36 12
70 74 4
91 9 20
52 0 30
2 23 4
69 70 2
28 51 20
23 47 8
90 82 0
98 82 0
74 10 18
79 77 13
49 46 24
98 85 12
57 26 28
52 96 24
9 39 30
99 46 10
4 4 20
32 89 16
2 68 12
10 41 22
57 51 6
62 74 16
55 50 4
0 68 25
3 80 21
98 14 3
29 31 2
2 6 13
73 66 22
78 40 21
46 58 1
28 43 14
53 6 2
33 64 28
54 99 0
61 92 24
25 45 23
76 49 10
5 70 16
99 70 3
96 52 9
17 75 15
46 4 30
27 64 28
38 87 30
1 46 21
57 88 23
89 57 0
83 0 25
30 75 19
48 39 16
93 6 6
7 53 30
94 82 4
56 96 25
51 17 13
66 38 8
34 55 1
44 96 24
9 54 12
9 48 26
14 60 16
43 63 7
68 52 11
22 9 21
70 69 13
2 23 5
8 98 10
81 16 13
19 23 15
96 64 24
18 97 3
64 40 15
67 69 14
86 55 4
52 39 25
56 40 19
84 48 8
5 70 18
45 87 0
59 64 14
13 52 15
90 18 15
64 22 12
5 28 16
27 87 20
7 2 12
46 0 19
16 64 0
5 33 29
81 4 4
83 67 11
59 45 1
48 79 12
28 99 18
55 94 20
45 95 14
26 20 10
56 95 4
98 85 5
68 22 7
55 74 10
39 92 17
58 26 5
93 72 29
92 57 28
15 81 20
87 30 9
31 37 12
82 24 29
10 15 26
8 49 20
16 26 27
0 63 16
98 3 7
19 22 2
73 77 0
89 56 23
53 53 10
80 2 15
23 78 19
57 31 3
71 67 9
28 5 25
56 27 20
67 18 2
46 74 14
52 1 0
67 37 5
51 30 11
43 46 20
65 43 14
75 7 12
6 21 13
25 57 5
39 79 14
68 68 6
58 33 6
12 52 13
20 7 17
67 70 5
21 63 19
56 94 25
15 97 0
84 36 10
55 5 18
12 37 24
3 92 30
87 61 24
47 5 10
66 92 26
28 79 14
62 21 11
48 51 19
39 68 26
98 24 0
73 94 28
78 91 9
36 78 17
92 92 23
76 78 13
19 85 12
58 70 2
26 8 24
18 95 6
84 82 28
30 96 30
8 7 28
71 64 6
45 53 2
33 46 6
55 63 29
5 91 27
85 81 10
43 55 23
44 95 26
79 65 17
99 44 8
95 17 9
51 2 26
4 19 20
32 39 26
53 39 15
19 50 7
19 91 25
72 9 25
48 52 16
83 48 9
93 67 3
95 88 0
37 14 16
23 25 10
67 53 15
21 65 3
56 39 16
35 82 5
58 54 19
57 15 20
74 7 24
21 88 12
3 82 19
92 87 13
28 77 10
13 31 16
20 49 14
84 25 12
47 85 11
97 98 26
13 93 24
67 71 3
55 32 28
37 37 28
88 79 17
97 56 28
58 24 20
5 22 9
51 24 19
40 70 10
84 46 9
43 33 1
70 90 16
8 19 10
69 18 17
42 23 15
66 48 20
40 11 21
93 94 8
45 18 16
74 98 18
48 37 17
78 83 6
24 43 16
89 56 29
33 65 30
75 15 26
89 53 6
60 79 28
52 71 30
1 32 17
21 49 17
73 48 22
60 61 23
15 96 13
58 9 20
51 40 19
45 59 8
64 99 15
94 7 25
8 53 16
61 54 14
93 1 19
6 67 0
77 78 24
38 0 30
96 62 7
73 76 29
89 26 8
34 38 9
4 23 18
37 41 19
68 70 7
33 36 11
21 74 19
5 99 27
14 2 1
85 34 2
53 65 5
14 31 9
21 47 16
51 58 4
66 28 9
73 36 11
68 5 20
81 4 12
52 90 19
38 47 16
76 8 15
58 59 14
80 93 9
55 51 18
52 96 0
54 33 22
2 27 27
93 88 3
84 18 27
66 77 11
38 14 28
64 11 19
80 39 17
7 44 18
35 79 30
49 35 1
51 80 24
75 12 11
90 59 24
72 27 22
17 73 27
56 16 26
20 94 16
89 25 0
33 16 8
79 45 30
87 39 23
94 88 25
93 7 12
17 9 10
43 28 2
49 93 13
62 65 6
5 47 29
90 33 9
39 97 11
84 40 11
42 11 25
95 64 23
16 80 8
78 65 4
22 40 12
23 19 23
79 44 12
1 71 29
23 25 2
39 96 23
26 98 10
47 63 2
43 17 15
79 66 23
78 59 10
18 15 30
48 46 3
8 90 6
2 71 24
21 56 13
7 61 1
42 41 12
97 24 24
80 37 28
30 30 24
36 92 28
89 45 2
89 94 18
29 33 13
75 29 24
71 59 2
88 25 2
74 67 30
86 64 14
73 67 25
28 16 16
9 39 28
73 32 5
90 14 18
56 51 29
92 72 12
82 13 15
43 71 4
68 54 19
61 59 27
0 68 11
46 8 9
8 28 17
8 95 5
68 81 16
24 96 4
22 2 16
83 38 27
21 80 22
55 17 14
30 12 21
98 78 25
55 86 4
77 12 0
6 26 2
76 34 4
44 53 14
9 76 15
84 44 21
74 53 8
83 34 7
55 67 7
98 75 3
35 93 28
16 61 15
67 50 21
93 79 1
73 71 22
83 63 6
34 64 24
88 34 15
63 42 0
96 57 12
61 6 8
85 49 5
25 55 1
42 58 30
74 38 22
83 31 3
32 15 17
75 5 6
73 47 11
25 94 15
97 36 16
47 6 6
38 9 5
30 90 14
88 95 22
96 59 22
57 26 21
36 78 20
73 52 22
30 45 4
89 7 18
96 23 13
50 65 9
70 65 7
14 82 29
22 64 30
79 74 14
26 71 10
89 31 25
98 21 21
68 66 15
23 97 12
15 34 26
37 1 2
14 72 14
93 48 19
82 59 18
98 11 17
60 53 16
8 87 11
92 33 19
12 87 9
67 22 23
59 60 26
43 23 9
5 70 4
19 73 0
71 51 5
58 82 17
31 32 4
39 83 5
6 35 11
14 44 19
99 59 15
33 59 28
27 32 18
80 72 12
86 90 11
88 87 6
62 22 2
41 66 25
6 83 14
28 92 5
89 67 15
10 88 1
4 8 1
5 10 14
49 61 15
78 82 2
66 83 9
3 9 30
27 9 20
18 99 1
65 86 23
43 78 27
53 53 8
34 68 1
84 11 12
61 78 10
34 24 12
66 58 24
43 56 26
67 85 9
53 87 6
32 49 23
52 1 23
5 46 28
90 36 15
86 25 10
88 31 4
39 28 13
43 52 27
92 97 17
70 12 4
88 26 18
19 5 12
0 63 18
79 92 15
50 48 21
27 83 22
75 9 26
40 56 21
5 12 16
96 52 13
62 73 18
10 18 24
53 90 5
61 17 19
0 64 1
60 95 18
18 52 0
12 93 18
25 24 15
68 57 10
56 36 12
40 42 7
60 39 15
13 42 2
99 58 17
98 72 21
2 61 25
45 8 25
80 36 27
37 90 14
55 27 0
77 14 16
90 80 2
26 97 17
66 60 30
86 44 18
0 9 17
53 33 28
29 9 25
3 68 14
99 3 22
91 77 25
52 36 3
92 82 26
74 17 24
79 91 12
20 77 10
49 84 24
17 58 15
10 10 29
53 80 17
89 84 23
89 29 24
14 43 28
58 52 15
31 3 15
29 52 3
21 99 30
69 66 9
78 70 3
94 57 21
73 63 19
51 17 12
88 21 20
16 50 4
29 50 16
61 30 27
5 58 25
26 31 9
14 62 26
56 22 26
78 30 29
79 35 1
84 98 3
24 85 8
55 54 25
59 5 9
10 63 24
24 97 16
81 34 0
92 73 18
5 85 8
6 73 16
28 78 29
47 55 8
55 97 3
78 64 19
37 77 11
80 98 3
21 93 12
36 56 23
7 35 22
80 85 17
22 27 22
27 48 5
89 83 30
7 34 17
13 64 1
67 91 24
36 26 8
60 95 17
94 3 30
15 44 27
57 28 5
51 99 19
90 7 18
87 27 16
99 18 20
72 68 16
63 30 7
32 22 30
32 15 3
43 98 28
9 9 19
1 10 13
94 93 15
76 40 25
40 42 13
85 94 15
98 44 9
73 13 17
55 51 17
26 65 15
84 57 11
45 34 4
2 76 8
52 26 17
25 24 20
60 63 20
89 69 21
3 98 15
35 3 16
35 65 28
52 76 28
81 88 27
48 97 15
45 72 6
82 34 25
12 28 22
86 44 12
52 27 15
46 38 11
16 52 17
78 79 13
87 23 4
70 40 15
7 99 18
84 14 2
50 65 8
88 24 13
10 52 14
16 84 15
53 40 6
57 14 22
70 39 1
47 98 12
91 28 22
10 11 11
30 55 22
69 27 7
73 3 24
98 48 27
6 47 14
19 35 7
14 4 26
71 80 8
35 62 4
93 84 7
42 39 19
37 7 19
94 8 26
51 4 30
97 74 17
50 41 0
17 60 11
32 76 0
45 71 10
30 90 9
0 7 29
17 72 13
39 2 26
93 97 25
65 1 9
51 32 23
10 62 15
73 73 26
5 63 28
11 18 12
47 91 23
49 60 25
81 51 18
20 4 17
82 24 22
61 55 28
42 86 29
77 77 22
81 75 4
56 61 9
99 28 26
9 9 20
72 88 10
72 12 6
22 7 4
3 27 2
30 16 26
58 94 6
99 25 4
16 3 20
31 73 19
79 71 5
6 22 2
71 38 24
88 26 26
89 50 30
50 11 7
93 57 21
62 48 2
25 50 7
38 83 12
17 27 8
16 42 15
22 54 10
73 81 24
77 6 19
0 87 8
47 50 11
10 12 10
82 9 8
68 49 25
18 75 28
10 53 8
21 61 7
79 73 18
75 99 13
45 73 13
82 49 29
60 58 7
65 24 7
27 17 25
3 31 0
51 81 16
11 1 24
0 41 2
48 45 20
67 81 6
35 11 16
75 29 24
57 91 4
11 40 4
86 22 7
78 37 3
43 76 30
22 15 21
26 39 3
82 40 0
37 11 19
54 86 13
95 40 20
40 52 29
47 95 23
11 32 12
64 42 20
95 86 30
10 95 7
30 93 10
89 53 0
56 54 29
55 58 24
57 9 4
43 21 13
61 33 24
18 87 15
58 97 25
86 47 3
52 89 1
30 55 19
36 90 26
38 86 8
46 26 4
44 28 2
94 68 14
55 99 6
75 32 9
79 62 16
44 86 1
98 38 18
75 11 0
25 89 13
84 23 19
50 58 14
4 16 5
59 81 27
11 0 13
8 40 25
57 27 29
12 51 15
51 34 14
84 53 14
71 75 20
61 66 7
23 87 8
96 26 12
24 85 1
6 72 22
13 87 19
59 20 16
43 77 26
9 8 1
44 43 12
49 83 17
52 81 3
72 61 27
56 99 2
95 95 10
55 85 25
22 22 15
55 31 25
71 9 8
93 46 8
59 12 10
72 97 7
89 38 14
7 14 29
79 20 18
55 38 12
60 62 12
40 5 1
81 95 18
59 53 22
37 30 2
34 52 24
30 57 8
54 48 4
22 84 20
15 55 26
26 50 27
63 49 13
46 55 30
13 5 23
46 28 25
27 74 5
26 83 6
55 18 7
79 86 1
29 25 1
70 38 28
46 88 21
75 26 20
83 92 22
87 15 27
74 10 19
25 53 24
10 54 3
45 16 8
59 81 14
26 91 30
14 21 14
52 87 25
38 72 19
49 89 1
34 54 16
65 73 6
5 89 15
94 41 8
93 31 16
20 46 16
9 22 0
80 11 13
92 21 30
87 14 17
51 11 12
29 44 29
99 31 13
82 43 7
85 83 19
7 39 12
83 65 22
81 32 19
17 85 6
53 29 26
73 52 26
16 28 17
14 44 28
38 76 3
1 91 3
51 52 13
54 10 19
2 8 8
37 92 20
9 43 9
54 57 1
56 76 5
20 98 6
5 79 16
57 32 27
42 4 23
11 25 8
60 59 14
47 65 3
87 9 22
90 66 14
80 51 25
24 94 9
58 83 10
15 26 20
45 5 24
75 20 28
98 61 22
48 90 26
33 4 16
84 85 11
22 35 8
36 78 3
13 9 0
72 44 14
37 87 14
7 45 23
45 97 2
93 81 6
66 45 24
20 59 5
88 57 11
97 62 9
46 57 15
39 76 25
61 66 28
98 89 9
12 98 3
19 30 0
17 55 28
90 92 16
50 33 1
57 39 13
43 76 25
43 19 8
74 57 13
3 39 6
21 97 29
58 49 6
40 15 29
77 44 4
66 39 14
53 3 28
42 28 28
36 39 1
83 88 1
53 79 4
96 98 30
16 76 8
57 71 19
48 68 23
17 6 25
1 32 5
6 79 23
87 20 11
17 63 25
69 85 27
0 10 22
48 16 18
77 26 30
97 4 29
57 63 3
12 45 5
20 80 1
56 21 12
25 85 3
38 39 10
38 17 15
12 16 8
19 85 15
11 54 8
38 32 29
61 40 6
24 11 25
6 34 25
5 52 18
68 97 20
45 91 23
73 10 7
79 18 1
3 33 11
36 98 4
53 6 3
33 3 28
19 70 2
62 13 10
2 16 24
67 3 20
65 23 3
77 52 12
67 82 26
11 62 10
21 87 4
83 32 8
46 20 26
14 96 14
7 25 4
90 70 28
84 60 20
89 6 28
12 20 5
17 28 1
18 65 1
1 41 13
86 10 27
46 94 1
73 73 6
62 97 30
16 63 9
88 83 8
85 34 21
63 57 6
6 13 26
2 87 10
63 86 18
58 12 26
22 3 15
7 89 14
57 12 27
44 43 18
13 80 30
12 61 19
37 98 24
33 62 11
55 82 5
3 26 20
97 38 23
83 95 19
42 34 10
4 60 2
40 9 19
0 66 3
40 71 11
79 71 23
62 97 4
2 30 4
64 65 12
9 21 29
7 35 3
4 72 8
38 40 4
42 42 11
33 61 3
70 48 8
94 61 25
91 88 23
74 77 0
16 91 8
87 87 26
38 67 24
6 14 6
31 0 8
84 4 8
52 63 30
89 51 6
94 79 17
55 9 15
11 33 14
87 76 26
31 0 20
86 48 18
44 75 9
22 78 9
76 19 20
53 64 14
87 73 13
31 25 14
11 5 30
11 31 27
51 31 15
17 26 18
66 71 3
37 36 24
26 36 29
42 46 18
61 66 17
29 61 27
55 31 23
47 8 21
61 22 29
64 57 19
95 33 13
5 76 7
95 45 20
4 82 11
95 98 4
3 50 26
7 78 6
43 8 5
89 13 13
67 91 17
78 74 4
58 39 4
49 8 23
67 11 12
78 36 27
38 38 18
45 13 4
56 32 4
39 44 1
58 98 25
95 33 9
36 52 24
59 3 11
97 1 8
89 86 2
76 7 5
53 77 5
2 2 26
50 57 12
27 72 7
44 23 26
33 92 12
77 17 1
19 0 24
70 52 28
91 54 29
5 45 28
95 74 26
18 51 21
64 87 15
74 97 15
18 66 1
25 50 20
65 27 5
70 32 29
93 37 7
48 31 12
32 76 11
99 75 12
93 17 28
74 19 3
91 64 2
65 99 17
64 71 17
79 83 30
73 98 23
52 75 28
71 94 29
14 32 14
9 98 29
74 83 14
65 73 2
18 29 10
38 74 13
95 41 24
37 24 24
10 51 19
6 86 28
72 97 12
65 47 23
39 77 8
15 44 14
25 26 23
88 29 0
21 77 25
78 84 29
62 45 9
43 92 2
10 42 25
7 33 7
43 56 0
33 51 1
45 61 19
32 40 3
16 74 9
54 86 25
95 97 3
65 11 9
17 2 24
87 49 22
77 26 19
17 32 19
34 64 27
80 2 23
57 20 11
84 23 6
53 33 7
61 0 7
77 25 27
12 70 26
69 7 6
16 53 16
94 52 17
93 6 11
38 37 14
27 28 27
34 88 4
60 55 13
61 34 18
98 55 13
55 27 16
25 35 14
25 46 17
9 1 4
25 65 10
35 52 16
50 43 19
51 88 28
53 60 7
1 82 24
67 61 6
33 82 1
71 83 16
91 7 9
45 20 20
33 88 2
82 26 12
35 97 22
38 66 20
2 53 22
30 28 11
83 61 10
55 36 30
74 82 22
11 25 8
68 18 18
88 6 1
73 45 19
99 75 27
37 40 6
1 79 27
90 97 29
16 16 3
52 53 8
21 26 9
60 45 2
60 29 29
15 35 7
82 18 7
19 5 30
41 80 9
19 1 18
91 19 14
14 39 26
95 31 1
51 82 2
8 8 29
59 83 14
25 15 22
12 62 8
74 48 27
3 62 10
80 52 1
16 38 18
86 46 11
62 68 24
18 59 3
71 35 30
93 47 17
31 47 23
50 10 27
41 44 25
32 17 29
36 89 15
33 91 1
14 32 12
74 86 26
70 86 12
35 90 10
94 49 9
41 82 1
57 69 8
45 84 30
56 45 6
42 21 22
24 9 7
53 32 17
41 14 5
57 66 9
6 85 13
11 96 18
64 30 28
40 62 7
61 74 7
20 58 4
71 4 21
73 84 22
63 19 6
49 90 4
56 79 19
26 38 3
17 81 11
46 57 12
24 33 13
41 3 2
19 28 24
56 89 19
51 92 1
33 18 5
39 42 15
76 73 28
99 95 12
41 23 29
54 36 27
87 37 14
48 71 29
44 69 30
81 90 30
93 88 0
27 62 28
75 23 24
37 61 12
20 46 29
9 88 19
72 72 14
8 65 28
24 57 15
65 1 26
61 85 28
77 97 23
62 13 14
15 95 6
1 83 25
68 32 10
98 45 3
64 97 16
45 58 15
87 75 19
5 54 16
21 65 20
31 86 18
25 9 2
70 52 22
53 83 3
98 95 10
47 76 12
29 97 29
15 31 28
34 19 30
25 15 9
85 34 14
40 79 2
49 25 16
18 11 15
42 60 2
77 30 0
48 98 11
23 48 18
19 65 28
36 72 12
80 53 3
79 58 17
24 83 7
15 3 24
65 20 0
51 9 17
41 96 30
58 36 11
33 90 14
27 32 2
67 55 13
8 27 24
30 95 10
78 7 6
53 7 27
14 9 16
66 34 29
71 11 7
21 1 12
39 17 0
64 90 23
85 38 16
95 39 21
56 20 16
70 64 18
82 19 10
17 9 27
70 30 10
77 90 26
6 10 23
48 99 10
98 32 30
80 79 26
86 91 5
76 84 8
54 37 3
94 85 21
20 39 13
31 85 29
10 42 12
39 22 6
50 17 22
91 55 8
75 14 8
26 54 16
45 55 20
92 82 21
16 32 3
5 51 0
37 83 24
3 29 13
61 1 20
20 3 26
88 3 5
32 49 19
65 43 28
83 57 24
93 91 1
37 66 25
32 25 15
65 24 8
32 85 19
62 87 6
80 22 13
64 14 0
97 13 0
20 81 0
85 27 7
97 69 28
83 15 17
38 16 0
96 39 26
74 32 14
49 15 17
1 10 8
69 15 2
19 27 30
0 26 9
38 55 29
36 67 13
90 86 7
61 91 24
64 43 11
19 40 5
45 43 27
21 93 24
5 42 22
32 6 18
86 54 20
79 31 4
84 85 28
58 15 7
24 6 15
55 40 21
32 88 19
97 58 4
37 10 14
82 64 14
21 45 22
53 66 19
60 48 19
46 40 22
39 3 0
50 74 19
27 18 1
22 93 24
85 74 16
7 9 27
86 86 20
13 78 17
62 74 24
10 10 23
56 17 12
79 78 26
98 48 8
75 19 16
8 45 7
51 50 14
69 26 10
19 85 19
14 58 19
32 36 6
33 57 17
15 70 8
40 64 11
78 20 0
80 4 20
83 37 19
2 49 25
12 62 18
37 75 1
91 5 29
80 28 4
19 40 26
53 24 14
15 25 14
19 64 22
92 89 20
36 0 17
89 47 24
15 52 30
73 57 8
31 79 1
67 37 28
79 94 30
13 45 29
54 70 21
6 52 16
52 3 22
32 76 8
9 51 1
62 88 1
55 85 15
24 77 2
19 45 11
57 82 5
62 14 24
67 32 10
35 0 17
49 40 1
75 51 6
9 76 30
20 83 4
76 55 3
61 31 23
29 96 7
29 45 17
26 4 21
31 6 15
48 53 5
31 87 24
43 88 16
22 51 3
46 14 21
1 23 24
78 31 10
9 98 14
28 80 27
38 54 26
23 91 29
17 29 12
83 96 3
38 23 30
80 53 27
69 66 16
93 95 20
69 16 22
77 63 24
45 65 5
3 22 0
73 11 12
49 55 20
22 2 4
82 30 18
24 63 16
80 7 3
47 36 27
48 69 14
31 28 30
94 29 29
77 31 14
73 17 0
93 26 8
63 75 30
80 1 12
33 13 22
93 95 0
52 73 7
62 81 9
78 94 0
37 87 26
85 29 10
4 10 24
56 3 8
57 82 8
51 36 0
35 3 9
69 60 25
86 20 12
43 16 1
30 95 2
97 24 24
31 87 5
74 76 4
63 99 21
45 21 18
35 10 15
61 1 0
6 24 16
38 98 7
94 37 2
71 89 1
15 79 18
57 7 20
49 24 14
36 60 22
40 43 10
77 75 9
75 54 10
17 63 8
74 74 0
14 76 15
60 41 17
97 89 18
1 6 22
88 3 17
46 83 5
69 46 23
26 43 2
52 5 23
33 61 22
11 56 0
81 93 20
84 8 19
23 30 11
62 29 3
94 66 1
17 14 10
2 89 21
89 22 8
45 79 10
63 84 25
30 47 28
22 7 18
97 41 21
6 63 11
4 75 26
69 0 6
32 53 17
38 82 18
72 8 11
16 54 6
61 8 16
53 38 6
32 5 27
5 41 26
66 38 0
71 38 19
91 65 10
79 15 9
88 17 28
22 90 28
24 66 5
2 61 7
12 58 5
0 19 10
49 75 3
91 12 13
36 12 11
32 87 18
73 55 10
11 4 4
39 39 1
85 29 26
37 13 25
83 81 24
78 48 28
97 98 10
27 60 16
13 53 12
13 34 21
26 86 28
56 52 26
35 16 7
78 50 12
13 8 1
30 92 11
84 13 9
42 58 2
8 59 15
81 68 26
68 45 7
91 65 13
31 39 24
27 90 1
8 43 2
34 30 10
7 2 13
82 62 21
16 7 7
76 59 7
49 56 12
8 52 0
9 68 15
73 10 24
98 33 24
54 32 24
82 33 11
41 39 3
78 85 28
6 99 24
7 55 9
98 22 4
67 40 24
22 54 11
99 46 28
58 62 0
86 16 11
99 0 27
69 94 27
91 23 28
10 79 7
42 74 28
80 3 27
40 28 15
55 91 26
83 7 2
4 48 9
10 25 2
22 98 6
66 17 25
96 79 8
28 65 14
62 7 16
73 70 18
81 38 5
57 43 24
85 48 25
96 8 8
72 52 15
79 15 24
15 64 5
96 14 27
79 23 7
79 5 11
39 22 5
46 15 18
46 94 25
40 59 6
76 78 16
65 93 22
44 23 25
40 76 23
73 97 5
50 84 22
14 32 3
86 21 11
69 91 29
7 56 12
87 51 16
46 33 6
44 91 18
51 75 19
73 73 16
99 23 12
12 81 25
46 32 21
54 87 29
54 7 5
17 59 3
0 71 18
25 93 27
67 89 3
38 60 27
97 78 16
40 36 1
59 97 7
51 49 22
92 46 21
80 57 5
26 93 4
48 90 8
73 31 29
24 40 30
78 81 22
24 59 16
50 10 14
87 96 6
36 62 24
27 56 1
81 57 27
66 32 17
29 74 28
13 60 23
95 49 9
79 89 1
33 58 5
15 59 25
12 29 24
25 43 28
84 41 4
87 75 6
60 87 1
12 7 3
12 27 30
28 76 2
17 17 30
81 38 10
24 6 24
96 57 20
21 99 1
19 30 27
38 56 20
70 23 13
6 40 11
58 71 24
29 45 6
83 69 22
65 31 16
80 7 16
12 31 7
82 59 9
2 71 4
96 46 6
4 30 15
10 12 0
50 96 26
95 21 0
42 88 27
61 64 9
34 29 2
69 29 25
70 37 24
46 96 18
14 81 12
34 66 7
70 59 21
57 75 21
84 25 25
7 26 18
86 6 4
43 79 29
73 50 17
98 54 7
37 1 30
8 77 25
68 47 23
24 97 25
27 50 3
99 41 5
82 64 16
19 86 15
85 2 20
61 26 2
37 39 30
28 27 2
48 3 7
87 84 6
94 17 20
44 61 2
98 11 13
63 53 26
18 35 8
14 3 25
91 28 2
15 92 1
14 24 17
93 95 7
18 9 6
99 70 0
28 75 9
69 51 7
36 22 12
32 62 9
55 96 29
99 96 10
58 77 19
36 27 16
33 44 5
37 80 18
90 39 19
59 13 26
99 24 14
25 21 12
15 91 18
42 60 27
54 24 14
45 78 19
96 48 18
98 33 1
28 73 24
65 74 26
35 72 17
65 44 14
14 63 11
15 93 21
88 95 23
16 12 1
71 20 10
81 23 24
43 48 22
57 32 11
10 26 26
17 23 6
29 80 7
14 56 20
21 18 10
50 19 23
13 12 11
78 91 11
36 56 28
41 77 10
13 18 20
62 22 9
22 11 26
50 97 23
68 84 6
57 2 17
40 16 0
31 45 6
84 81 12
9 54 29
95 14 7
22 54 30
21 12 19
51 81 11
20 64 2
57 47 14
46 67 13
8 98 2
49 16 6
79 13 17
97 61 2
77 92 25
21 21 28
40 32 18
31 53 13
57 52 6
71 51 22
63 70 3
69 56 19
48 87 19
23 19 6
80 38 22
45 69 1
85 53 19
66 40 1
13 75 18
66 63 16
6 32 3
60 52 17
6 91 29
36 23 2
98 21 20
34 46 20
42 28 2
69 76 7
95 85 12
18 9 29
15 4 3
31 15 6
69 75 2
9 0 5
48 32 16
31 94 8
76 16 6
40 3 18
76 32 23
53 58 21
78 13 17
79 46 26
88 0 21
17 81 18
66 97 15
51 58 13
56 61 6
12 70 27
53 36 30
26 69 20
79 27 0
59 26 5
9 61 29
13 88 9
31 38 20
95 29 15
0 18 28
21 98 19
75 96 18
37 6 11
0 37 17
70 34 17
91 45 19
43 20 25
22 33 12
76 31 15
98 12 18
42 88 24
5 0 10
89 46 9
9 77 6
26 76 21
69 14 12
9 33 24
99 12 21
99 36 25
70 29 26
62 65 30
94 99 23
25 93 21
19 90 24
7 89 25
33 10 10
8 18 29
57 53 16
97 41 6
27 44 2
21 86 13
32 25 21
97 67 29
28 95 9
24 24 26
37 31 16
7 89 29
27 58 5
28 33 13
56 72 0
11 48 11
27 93 17
92 72 21
30 72 28
59 21 17
23 32 5
47 73 19
71 46 18
3 91 10
72 54 18
58 11 27
37 55 30
56 21 0
76 96 28
68 93 26
9 93 26
69 5 26
72 59 22
45 41 5
39 36 29
65 84 29
77 37 15
81 81 21
71 51 19
53 29 28
28 23 2
94 79 13
30 39 15
61 4 0
17 61 21
34 64 18
22 87 1
95 86 13
17 3 29
12 7 23
42 49 7
3 67 2
22 48 28
92 91 11
41 39 14
72 23 8
89 73 24
77 11 12
89 47 13
82 36 15
55 60 30
66 90 7
75 94 7
45 58 7
28 15 17
10 14 17
32 14 9
46 46 29
18 67 5
19 14 25
71 34 19
80 77 27
62 26 14
82 82 28
12 50 5
3 12 12
36 62 9
3 11 24
62 36 3
31 94 29
70 81 28
67 77 19
12 25 6
88 80 2
67 48 10
2 75 16
45 27 18
30 41 23
47 33 3
77 94 23
19 10 8
64 5 23
15 65 21
47 50 7
12 79 28
83 3 28
95 7 23
82 37 6
81 99 15
30 96 30
66 74 23
16 54 17
16 98 16
81 21 4
95 9 19
31 37 21
98 56 1
90 26 15
54 26 21
20 18 29
16 61 1
67 17 29
74 51 6
55 80 12
89 93 25
66 96 7
71 14 24
17 90 6
36 0 5
32 66 25
38 75 16
78 27 1
90 58 18
73 79 23
69 48 2
89 10 5
40 10 0
3 28 1
52 85 19
65 34 18
55 62 21
45 19 27
37 22 24
86 67 2
8 48 23
77 51 20
49 83 8
53 72 11
41 12 27
63 99 16
71 29 7
65 31 13
77 14 1
58 74 28
26 87 26
1 31 28
75 4 20
2 83 16
4 86 5
37 55 30
14 94 22
64 42 26
5 76 21
7 52 2
22 35 4
90 0 0
66 33 18
40 11 13
33 77 23
82 46 24
91 72 8
13 24 13
43 1 25
69 50 21
66 19 25
6 64 11
42 19 4
9 44 18
77 33 11
77 96 27
57 47 6
34 53 24
52 36 27
69 68 22
89 32 2
34 25 13
60 64 21
2 20 2
48 78 1
34 6 15
31 2 28
70 79 28
85 18 7
14 3 20
36 45 24
21 98 9
80 47 21
54 86 24
78 19 12
29 71 28
16 80 2
73 13 16
8 64 23
87 52 0
20 88 9
51 11 10
74 54 5
18 47 3
33 22 12
38 55 9
51 68 9
93 21 16
26 81 24
95 45 5
41 92 14
10 98 30
54 31 4
54 44 4
58 63 9
72 33 24
22 15 9
10 36 4
26 79 10
79 38 17
5 14 29
16 78 29
60 77 28
40 64 29
19 65 19
44 3 17
39 10 9
71 39 8
67 97 23
36 6 21
43 94 13
18 8 9
32 83 17
52 10 6
76 31 8
11 74 11
52 51 13
68 71 24
45 86 0
7 15 22
68 86 1
58 76 10
8 38 22
58 76 11
99 85 13
12 20 4
99 42 28
24 74 26
65 97 2
24 91 26
78 67 6
69 59 24
82 58 5
38 68 9
31 60 19
8 93 22
37 61 7
39 23 5
57 31 13
47 54 8
26 50 12
85 83 13
15 66 3
98 46 7
58 47 28
21 66 0
71 77 21
8 71 17
8 59 28
53 50 26
97 47 7
90 62 8
26 73 10
57 6 27
73 58 6
14 17 29
38 97 25
47 40 9
14 45 11
68 67 11
37 49 13
32 8 29
59 43 26
60 81 11
88 3 30
19 51 13
37 59 12
25 74 0
65 44 2
65 55 10
23 74 7
98 56 30
62 7 27
68 33 12
57 94 30
32 34 3
92 18 7
65 23 18
7 76 17
2 56 20
87 31 13
12 60 2
31 10 22
78 35 9
21 15 7
1 13 17
38 47 3
72 63 25
24 0 17
44 54 19
88 16 19
85 17 12
32 39 0
82 30 6
57 4 16
73 40 28
21 36 8
61 75 19
14 6 13
52 65 29
84 21 1
7 7 8
48 14 16
62 37 11
11 2 1
24 34 11
27 82 5
91 46 15
41 49 4
38 87 9
79 72 11
66 79 3
99 84 12
77 75 20
27 28 28
60 58 2
24 73 21
85 96 23
62 29 16
28 42 25
47 30 16
57 1 14
70 1 8
59 73 3
91 39 9
32 74 26
10 11 3
64 42 0
70 18 18
93 9 11
18 71 14
33 5 9
9 46 16
44 6 12
82 3 11
35 33 6
99 68 29
54 25 18
93 13 4
22 20 10
76 61 26
2 32 29
15 18 27
44 80 18
79 54 30
1 55 14
59 90 1
54 62 6
8 52 11
58 88 3
95 81 1
62 91 12
84 72 19
43 34 4
90 19 1
65 55 10
99 84 17
53 22 16
75 56 17
76 47 8
27 77 9
84 36 26
92 23 30
12 87 12
29 9 7
95 58 29
72 80 0
69 81 25
88 2 17
80 11 29
65 83 11
88 84 6
49 13 30
17 53 20
23 52 23
24 46 5
36 19 26
60 19 27
66 97 15
50 42 16
26 83 26
93 91 28
69 41 2
22 2 30
6 97 16
6 34 25
43 61 23
10 4 14
49 33 19
59 44 2
95 83 6
18 34 20
91 62 30
3 2 1
93 80 26
51 75 14
56 51 11
64 29 27
75 53 4
96 7 11
98 70 13
85 5 23
56 67 13
41 76 5
88 82 8
83 71 28
38 80 25
86 20 7
91 21 13
84 36 6
57 77 8
56 46 19
42 78 24
66 39 27
7 37 3
33 27 19
1 27 25
58 45 24
36 61 28
40 83 7
35 22 15
5 90 9
76 25 28
33 47 3
57 63 16
19 79 20
89 15 13
63 7 14
20 92 24
85 14 3
98 50 21
54 56 13
32 39 16
74 86 20
40 26 17
94 36 9
22 26 2
30 89 15
41 78 24
76 2 3
92 73 1
39 19 22
91 11 1
26 58 25
57 33 17
95 75 27
46 31 23
92 96 23
93 15 3
41 89 14
93 32 4
43 9 20
11 24 24
75 29 26
37 82 25
77 98 4
6 8 18
11 50 20
61 80 25
52 86 7
32 35 25
11 89 9
93 29 24
74 24 1
13 80 26
58 77 10
35 63 11
75 28 24
83 81 12
34 60 22
68 59 12
22 69 17
93 26 22
4 79 26
40 61 5
56 63 21
83 59 7
12 3 10
52 16 1
25 79 27
15 61 14
70 29 7
85 14 0
72 22 9
38 65 29
6 36 17
18 38 28
23 71 14
28 8 21
76 40 19
44 29 17
78 87 1
69 54 5
81 0 18
14 43 10
56 35 29
6 97 27
18 69 22
35 68 16
7 18 3
63 68 8
47 59 13
56 93 17
35 3 30
10 90 26
57 41 17
74 51 3
86 8 25
54 19 20
14 16 14
59 55 5
71 93 16
51 37 14
83 21 3
64 34 6
25 42 25
48 35 17
41 97 5
64 82 13
1 91 11
97 56 10
55 43 29
17 22 27
80 89 11
20 71 23
92 49 4
98 77 2
9 94 9
46 12 18
70 1 14
35 42 24
29 36 7
17 3 20
0 49 19
57 47 19
59 7 28
77 19 4
40 28 8
61 14 30
63 6 27
35 37 16
88 22 10
29 51 17
91 7 25
64 2 10
13 60 4
17 34 1
66 84 6
91 60 19
32 65 5
11 33 5
65 34 3
0 53 27
96 43 28
66 56 8
37 7 25
70 72 10
40 89 24
69 66 7
70 62 9
2 6 27
57 66 4
27 53 20
12 61 8
55 35 28
27 21 24
52 76 25
25 40 12
4 83 10
64 59 1
38 86 19
49 95 8
58 92 9
20 78 29
98 92 5
9 60 7
4 61 7
1 29 1
90 75 13
79 30 8
71 2 26
81 57 18
93 2 16
71 68 9
46 55 6
44 83 24
26 10 19
71 53 0
51 20 0
80 80 28
4 40 6
50 56 14
20 41 13
27 38 19
5 81 21
58 88 20
6 18 22
32 77 14
6 94 12
98 33 27
73 84 13
55 2 25
16 89 21
17 38 5
87 11 15
28 89 15
25 22 11
98 42 21
46 85 21
52 7 2
54 62 22
1 58 27
59 90 27
5 38 29
96 78 22
69 81 16
49 26 5
37 27 26
54 64 23
77 85 10
29 68 3
1 54 2
68 5 2
42 64 23
25 14 4
60 79 23
92 25 20
74 63 5
65 20 3
86 54 7
69 43 9
69 83 15
83 96 30
46 24 17
38 92 17
33 99 9
55 39 2
70 30 25
66 88 26
80 80 7
10 0 9
33 99 4
88 4 3
23 35 17
71 20 10
43 17 0
75 7 17
98 25 5
9 54 12
97 4 5
98 16 26
7 60 11
13 53 18
22 50 20
78 46 23
61 38 12
66 57 29
15 35 18
24 95 7
52 30 29
43 89 20
51 77 29
82 58 16
96 63 23
33 38 7
44 42 8
62 36 9
86 63 6
25 58 17
31 19 13
5 11 14
86 42 16
39 59 5
39 24 18
9 2 17
24 28 18
91 63 11
25 39 22
53 6 10
2 45 15
87 80 17
78 82 21
33 53 8
52 28 19
70 63 4
60 54 21
78 83 3
43 5 1
81 37 21
56 26 25
80 41 4
58 93 10
93 35 17
39 49 16
92 84 15
91 8 24
29 0 15
28 5 20
92 27 2
8 68 14
27 53 13
19 34 25
78 10 30
29 22 22
99 65 11
30 21 29
18 70 27
2 78 4
35 98 7
72 4 16
57 33 28
46 11 30
20 76 29
21 59 1
62 86 0
4 31 28
40 2 4
31 27 27
53 81 15
75 2 16
29 44 21
24 20 14
31 63 18
14 37 5
89 20 3
39 58 4
61 71 0
15 83 16
34 40 9
97 13 12
29 25 16
30 59 3
70 85 5
55 98 12
65 34 14
40 89 21
32 30 15
63 72 1
34 62 20
77 50 17
72 28 12
88 92 0
63 9 6
35 14 2
99 25 17
88 5 12
76 3 14
17 46 8
14 93 7
61 33 8
60 35 16
99 81 23
79 20 8
25 66 14
93 90 4
13 50 24
0 25 3
51 53 15
17 55 10
44 12 26
40 27 18
85 22 2
17 32 14
59 84 15
57 22 9
35 3 14
18 67 6
60 75 30
89 87 30
6 10 22
42 45 16
76 85 9
38 49 23
5 80 16
87 62 11
29 46 24
27 32 17
36 51 3
15 10 25
6 1 13
17 29 28
38 99 3
64 54 11
18 67 10
71 90 30
65 48 5
58 1 25
89 61 26
60 8 12
13 19 23
60 97 28
18 23 17
12 64 16
73 29 18
55 10 3
27 42 22
25 61 17
29 70 30
0 82 14
1 81 15
12 15 6
27 6 21
22 8 19
7 85 10
58 62 28
8 41 11
53 15 6
29 75 5
17 56 23
64 16 17
19 87 4
68 76 16
12 27 17
12 34 29
15 48 20
73 17 15
7 90 17
19 66 9
8 9 15
28 3 16
78 60 3
89 91 17
36 61 12
22 64 26
87 70 22
42 74 4
31 6 4
68 20 1
72 86 10
22 96 7
13 91 23
26 25 16
74 50 22
83 85 14
35 21 0
11 52 19
16 81 5
77 35 15
44 95 20
64 43 17
65 64 10
92 61 14
74 7 16
5 8 6
81 61 13
85 61 14
25 34 4
99 62 17
31 32 30
56 54 23
67 12 24
19 82 11
28 63 22
94 39 9
81 88 14
4 79 8
70 24 20
5 38 15
24 38 1
44 94 12
68 17 19
52 50 16
5 97 9
84 69 25
47 39 23
58 32 17
66 51 2
65 7 22
44 13 27
76 91 13
30 5 12
77 68 28
31 9 30
77 92 8
25 13 20
11 75 4
72 19 21
55 23 16
30 72 9
58 13 30
33 51 18
91 83 11
25 53 4
1 84 11
77 33 26
64 77 24
49 50 0
42 52 25
3 85 4
97 83 22
39 26 28
11 8 23
29 82 3
7 33 18
82 67 8
46 60 14
59 71 18
45 24 12
48 87 8
22 39 27
5 46 14
62 64 7
7 52 11
37 73 10
35 16 17
38 48 29
8 26 29
82 41 20
28 63 7
26 54 22
13 59 3
26 13 12
24 66 1
77 83 8
39 90 29
45 28 2
62 19 20
19 38 17
59 87 10
56 97 6
46 12 10
69 48 4
91 65 3
90 14 0
59 52 24
87 19 5
94 80 28
86 88 30
53 99 24
75 45 7
25 45 28
83 26 2
46 14 21
53 95 5
12 39 8
26 67 3
28 17 5
50 16 10
82 62 1
40 5 25
19 81 14
46 36 8
24 44 3
48 42 10
20 1 24
21 71 6
25 18 23
25 84 7
87 5 3
40 73 25
1 80 13
59 78 30
45 0 8
67 5 20
67 12 5
34 13 27
95 83 24
65 86 24
90 9 1
62 51 0
59 75 2
56 0 5
17 10 2
88 34 24
24 31 19
23 80 9
49 13 1
71 18 12
99 41 6
31 92 17
59 19 16
78 20 28
19 64 18
82 51 17
70 38 20
12 61 11
65 98 4
81 43 25
15 69 16
95 61 9
80 57 11
98 57 14
77 3 13
5 0 9
26 22 22
95 30 23
35 59 10
40 69 23
42 74 27
68 84 0
44 29 26
54 94 26
66 76 0
21 52 6
43 13 12
42 26 2
87 5 13
2 75 16
47 29 12
25 22 14
55 51 19
13 93 25
76 98 7
32 96 10
17 89 21
32 87 2
48 94 13
59 67 27
72 55 21
42 64 15
34 53 12
64 94 8
38 86 0
31 66 4
75 28 11
40 25 24
71 8 2
16 78 22
38 24 13
69 32 3
56 48 18
16 98 13
73 8 25
31 72 24
43 64 12
63 85 10
22 58 27
61 22 20
56 20 20
90 63 1
60 34 15
94 50 16
77 28 21
51 90 15
35 73 4
95 13 14
64 96 22
88 87 11
81 63 27
60 33 8
75 35 11
61 17 26
89 34 14
53 37 11
80 5 27
95 14 10
84 66 23
85 0 19
75 66 21
26 17 23
99 71 23
52 42 4
70 23 24
94 10 22
75 20 2
11 12 15
39 29 23
6 9 12
99 96 7
51 43 24
39 33 2
15 13 28
7 96 2
8 80 1
84 56 27
91 9 10
29 6 4
77 94 23
8 16 26
84 42 14
48 88 17
80 80 8
81 35 9
50 87 22
87 27 18
96 71 16
61 47 10
51 90 19
77 10 14
39 0 16
20 7 13
10 1 21
4 9 28
97 27 24
72 38 2
75 50 20
90 70 29
94 49 22
87 77 8
7 0 15
95 92 29
42 13 6
24 96 23
4 99 22
41 78 23
74 83 6
15 14 11
8 41 18
40 3 20
61 16 6
14 58 9
50 64 16
61 10 15
26 81 10
52 3 5
6 63 13
89 1 28
90 76 23
58 96 14
52 60 28
74 66 1
3 56 21
11 41 26
70 34 17
38 52 9
79 92 21
21 54 28
21 17 17
46 35 21
9 76 22
80 60 1
59 61 15
81 62 22
8 30 24
68 58 3
47 54 6
48 70 27
86 39 20
20 6 8
91 75 4
71 41 21
14 51 30
3 4 26
75 53 11
49 99 29
57 42 3
38 89 3
3 21 1
99 1 1
26 71 14
64 93 17
24 13 22
43 23 19
53 99 12
26 89 15
16 12 12
14 83 15
82 53 5
81 76 30
25 90 17
36 30 14
43 40 12
2 80 0
26 6 5
32 42 6
13 12 13
25 10 28
62 49 28
92 65 17
62 19 24
60 87 5
98 23 3
32 61 25
26 37 0
85 66 11
44 7 13
16 54 23
85 74 16
87 95 27
15 46 23
11 99 9
42 46 24
91 70 26
11 99 20
12 1 9
2 45 7
60 90 5
15 45 11
9 28 25
75 83 21
2 75 30
60 52 15
0 38 30
4 43 3
4 45 2
32 37 17
77 89 1
88 16 27
40 30 11
60 31 2
40 73 17
46 33 14
1 14 16
37 11 28
86 31 25
36 5 19
47 38 27
90 14 5
87 18 28
49 95 8
65 76 5
4 91 26
38 57 18
42 64 25
28 13 10
76 18 4
73 49 24
39 2 17
51 14 11
20 78 5
8 63 23
10 83 24
77 93 11
78 75 21
1 89 13
1 72 5
94 8 26
23 4 26
31 71 9
84 43 30
27 33 4
83 16 18
59 62 24
42 75 9
86 6 0
10 28 28
89 18 21
69 16 26
0 83 2
90 28 3
24 47 16
2 11 7
45 14 25
8 0 14
18 28 4
58 7 27
72 39 29
4 68 14
82 45 5
9 51 8
38 62 24
32 62 15
44 31 5
1 5 14
59 44 19
4 62 9
84 61 27
3 80 11
13 76 7
55 97 18
59 70 5
17 16 7
44 35 9
14 89 21
78 49 12
98 65 26
46 4 18
5 24 11
5 94 26
4 80 14
42 49 14
23 73 18
1 25 11
23 51 11
85 27 25
16 59 10
14 39 26
19 82 5
68 37 2
79 63 18
40 81 20
54 81 3
6 3 6
14 25 7
73 94 3
34 46 21
47 23 13
78 97 2
66 90 30
98 79 30
62 10 29
47 47 21
82 68 4
19 93 27
2 90 29
10 13 9
84 94 29
0 53 24
51 67 15
58 80 7
31 94 29
43 50 28
34 14 18
99 92 10
88 71 7
63 92 30
79 63 15
67 96 9
95 24 28
54 56 11
85 94 6
67 22 20
89 10 22
99 89 1
10 49 4
82 72 13
84 67 26
54 49 8
75 59 21
94 22 4
52 16 22
65 43 10
55 36 9
32 2 2
6 69 30
33 0 27
12 32 27
43 58 22
90 28 4
47 54 29
53 7 23
61 53 28
81 26 22
20 11 19
25 51 17
97 71 8
28 81 4
54 11 14
13 39 1
76 31 20
2 82 1
55 71 4
55 60 13
51 87 28
68 56 22
72 43 18
47 23 1
21 49 23
8 3 16
83 19 12
57 43 3
90 85 16
39 23 14
41 83 9
5 97 8
3 91 15
66 35 14
57 68 16
77 60 19
59 81 26
54 77 9
97 1 21
87 30 1
27 10 8
50 54 22
75 77 21
73 40 17
16 7 29
90 88 4
36 11 7
65 35 19
88 60 9
37 80 19
19 61 9
67 62 1
33 41 8
27 54 10
32 83 18
51 41 28
52 32 4
25 38 8
70 64 29
48 3 27
92 21 17
9 20 24
2 94 20
89 16 3
69 96 11
20 79 3
79 73 4
53 22 4
7 86 8
90 42 26
7 63 6
13 58 6
11 89 2
32 64 23
77 71 15
85 21 6
2 27 16
56 49 6
81 27 4
73 43 2
95 23 14
33 91 18
34 44 12
71 9 12
41 62 7
63 91 12
80 88 25
74 75 9
2 74 19
85 71 3
56 48 25
58 93 25
20 79 6
30 11 23
55 26 16
99 65 26
37 74 3
41 32 26
55 64 12
15 31 10
5 93 28
13 94 4
54 1 6
50 65 13
76 65 19
65 17 10
87 9 3
8 10 2
33 80 30
64 76 4
73 43 11
48 31 4
52 17 23
85 84 20
33 36 29
69 64 26
91 25 23
75 86 14
10 87 15
94 8 22
38 31 13
21 89 21
12 49 4
1 13 22
60 34 29
46 43 12
25 61 4
41 29 24
89 93 30
46 62 24
72 72 5
69 31 7
27 47 10
71 21 13
72 38 12
59 25 6
91 77 11
72 87 19
88 8 5
88 92 23
88 38 4
90 7 11
54 10 23
49 53 29
33 62 21
6 10 1
8 99 11
89 24 1
47 79 4
82 24 10
54 66 18
74 6 19
78 27 28
88 82 16
42 53 15
97 11 12
29 57 30
58 43 9
85 55 6
52 46 4
0 23 12
9 55 17
61 87 29
73 66 8
6 77 10
60 60 7
71 93 5
4 53 23
85 31 25
75 96 30
3 62 10
48 33 8
70 32 20
25 70 12
98 81 1
82 94 11
85 72 5
79 15 27
55 97 17
80 29 24
54 10 22
86 40 10
75 40 17
69 44 18
78 17 24
22 68 6
4 71 1
37 76 19
32 68 7
70 53 0
97 90 9
38 34 20
48 8 3
77 21 28
98 27 4
90 78 29
25 69 4
59 42 24
23 45 25
8 93 10
73 82 13
57 22 1
63 22 29
9 82 28
39 72 1
58 70 29
88 47 29
67 18 3
64 16 0
36 67 2
83 63 9
64 88 8
75 54 25
79 0 10
97 59 14
86 4 5
10 61 5
3 12 4
90 16 22
48 42 22
53 30 21
87 38 23
77 30 6
83 64 22
42 32 11
54 53 30
67 12 8
27 56 3
72 81 27
41 75 15
92 87 10
75 82 27
14 99 12
34 8 8
72 83 15
7 51 13
96 85 20
83 7 3
55 61 13
88 57 9
82 72 16
28 40 27
78 58 12
26 19 26
79 27 22
14 97 13
96 31 11
59 39 5
55 49 0
30 70 8
47 70 4
77 6 25
58 86 29
79 32 7
57 47 10
23 94 8
38 69 22
23 56 20
39 85 1
89 51 21
58 57 8
22 56 12
18 70 27
50 84 30
44 13 30
49 95 17
7 0 11
72 80 8
48 93 17
53 96 5
23 77 15
18 99 23
59 85 6
9 12 11
6 68 23
63 66 7
48 21 9
18 39 14
30 53 17
54 79 9
62 93 26
3 98 19
25 58 30
24 57 11
25 67 28
97 70 11
64 54 23
48 30 4
51 48 13
48 25 8
10 42 26
69 55 12
56 27 0
26 49 16
33 72 26
15 23 17
84 74 4
78 33 14
99 96 19
28 77 8
21 16 2
35 12 5
63 88 20
57 36 9
46 36 30
71 55 0
56 95 2
79 49 3
96 75 2
92 37 24
66 57 27
63 39 15
89 18 27
71 77 7
87 97 7
64 53 2
26 95 28
11 65 21
99 71 5
27 37 12
25 5 20
71 63 7
51 68 30
5 43 5
54 32 14
27 34 25
3 68 26
26 90 24
44 26 0
91 59 6
47 98 26
11 7 18
54 38 1
71 33 24
13 80 20
90 17 12
46 51 16
23 97 25
31 87 11
1 59 30
13 7 15
71 55 5
64 42 23
35 85 13
21 66 4
39 84 16
58 39 16
57 22 28
71 46 11
38 69 18
53 29 26
84 19 29
35 73 7
96 37 28
52 52 18
90 94 8
29 40 6
8 29 11
77 46 8
88 17 7
47 64 14
76 71 7
13 95 3
32 82 17
74 55 15
5 78 19
34 77 1
40 65 19
41 78 17
64 7 18
14 2 29
70 31 18
39 28 8
61 54 13
91 52 28
84 39 30
38 16 29
18 94 4
94 78 26
86 43 13
73 30 10
55 48 8
6 19 18
34 74 21
17 68 0
81 94 20
21 5 24
37 20 22
0 23 8
99 81 21
66 8 22
7 23 2
19 39 22
45 80 25
95 46 2
67 99 6
76 34 16
43 42 2
20 46 29
8 0 26
4 43 25
43 12 25
20 71 0
24 58 30
60 34 18
61 56 19
5 70 21
17 5 12
50 25 27
85 93 28
67 64 13
55 83 13
80 41 26
28 93 1
90 6 7
53 73 26
65 4 1
77 27 8
85 57 18
60 70 15
65 20 22
87 7 21
41 33 13
5 20 1
50 56 4
18 38 26
87 45 11
64 30 21
96 57 2
47 71 17
52 81 4
9 11 11
58 32 17
57 17 2
43 69 10
65 7 9
3 19 5
55 47 16
60 58 17
3 8 0
69 37 16
88 80 7
7 66 3
13 77 24
93 17 22
92 2 30
59 5 11
98 35 6
1 36 7
97 75 12
46 65 5
35 19 12
53 79 0
52 61 14
36 19 29
82 23 21
89 14 4
25 4 0
6 23 6
76 22 1
13 31 30
81 82 29
33 29 29
16 58 11
73 57 20
30 59 0
3 60 24
50 91 16
25 82 20
10 63 29
83 10 2
77 31 20
55 90 21
31 1 8
45 92 0
99 92 22
32 97 17
91 75 22
19 6 17
13 91 24
66 33 27
81 23 15
56 83 27
88 14 27
12 62 12
19 4 30
53 94 28
84 97 16
4 15 11
87 34 28
15 17 4
41 18 30
9 1 24
16 90 17
64 64 21
8 61 30
57 89 4
39 92 6
93 75 21
58 97 6
90 71 0
78 53 9
51 94 0
72 17 8
46 36 16
89 40 26
32 12 25
76 29 5
17 88 26
62 17 27
23 50 22
98 21 14
53 86 14
74 36 27
48 68 2
34 62 7
14 24 7
4 86 29
71 14 12
14 8 25
34 55 16
68 66 20
57 61 8
99 68 11
13 52 4
84 98 14
39 66 17
86 20 4
18 41 0
32 44 3
61 87 30
23 16 14
83 25 29
90 87 12
20 92 15
15 58 28
54 45 27
84 88 23
50 75 14
90 13 22
35 9 9
72 81 29
5 4 26
93 63 3
69 6 29
6 95 0
10 49 19
9 94 0
70 8 22
0 15 5
10 9 23
60 8 14
57 23 23
26 79 10
90 4 25
46 35 2
58 67 26
81 60 13
59 64 19
65 80 22
31 74 28
7 77 6
3 92 19
94 14 28
56 82 15
46 4 21
26 72 16
31 51 2
37 0 9
46 25 18
46 97 19
2 39 21
26 99 30
50 96 9
6 31 21
73 44 17
62 50 27
90 71 8
3 60 0
97 87 19
39 99 8
22 87 1
58 2 12
8 25 18
45 5 8
69 68 9
13 68 23
11 93 16
97 2 11
28 57 12
63 76 21
68 17 16
98 96 15
0 15 19
65 76 25
12 75 11
40 47 14
77 99 0
46 78 6
80 40 18
20 17 10
45 23 14
92 47 26
5 70 23
32 84 22
53 0 27
2 97 5
94 20 7
69 47 5
7 5 6
81 53 14
77 68 9
50 42 12
10 58 6
19 26 27
61 93 10
76 92 25
68 21 14
29 39 24
54 95 8
38 40 17
50 86 21
36 61 19
98 19 28
23 48 6
89 46 23
88 57 18
62 53 8
69 83 19
49 77 7
38 11 29
90 77 18
26 53 12
73 21 17
96 74 27
9 43 22
99 43 14
70 3 2
78 43 18
81 91 24
87 21 13
40 86 10
50 71 8
80 42 30
39 46 8
37 67 8
24 4 30
2 24 11
17 43 30
2 89 10
66 25 12
24 89 2
49 5 1
17 99 18
87 75 19
63 49 17
21 75 15
12 78 8
28 68 9
62 4 11
83 82 4
83 4 1
34 25 19
71 57 18
92 32 29
21 49 19
32 95 7
63 17 7
57 97 17
51 69 27
88 81 21
65 93 5
34 17 18
57 16 6
46 51 18
84 2 19
37 52 20
48 28 20
22 81 15
2 25 24
65 20 17
4 23 27
46 14 18
11 7 12
52 98 3
14 84 19
12 10 20
46 80 18
32 27 13
32 25 16
74 22 12
36 17 1
61 65 9
64 76 8
13 53 11
27 53 16
48 55 23
55 94 18
18 59 23
46 84 1
37 94 27
32 86 11
59 33 19
99 67 2
6 91 3
61 89 28
88 14 6
92 28 7
78 16 28
0 71 5
24 64 28
49 48 30
57 71 19
5 16 1
20 33 15
88 33 4
18 30 15
40 49 7
8 33 14
22 5 2
86 5 16
28 91 5
24 58 7
64 84 19
33 46 4
75 38 26
25 69 27
30 24 2
52 14 5
33 55 2
72 98 12
95 18 23
69 67 6
26 35 21
94 29 30
0 11 13
49 29 14
62 19 21
98 69 23
67 99 21
76 30 1
60 13 11
93 33 8
93 85 11
34 81 28
58 97 7
99 62 14
11 3 0
12 54 29
97 88 19
48 85 6
17 56 22
30 76 17
95 73 21
35 12 16
4 87 17
81 31 7
35 20 8
56 62 14
76 35 12
19 55 2
58 12 0
57 72 13
99 60 19
47 12 7
90 74 3
64 84 27
21 94 1
59 22 17
21 15 22
33 36 6
16 77 22
13 12 0
5 75 18
87 87 17
31 99 25
98 35 19
61 99 2
52 42 3
2 20 21
93 19 30
83 6 22
81 69 28
60 93 15
75 71 11
31 66 24
3 53 23
84 28 16
61 81 24
94 29 29
13 77 7
10 3 16
65 37 2
76 89 15
19 48 5
43 8 17
56 32 18
86 91 2
42 58 11
48 95 0
85 24 23
3 60 26
30 21 18
85 82 17
97 18 22
42 38 28
36 11 14
66 3 19
91 1 18
13 99 15
12 24 18
89 28 27
44 79 2
99 95 30
89 96 7
72 50 7
34 23 26
43 53 4
3 55 19
5 5 13
54 96 13
7 94 14
5 43 0
19 21 20
90 15 0
86 99 23
81 78 21
36 41 2
52 37 3
9 71 0
44 62 28
62 94 17
15 74 5
57 47 26
73 93 2
42 73 22
51 82 30
98 17 16
35 49 6
6 96 23
32 95 8
87 79 27
28 85 30
69 6 20
11 15 21
91 83 24
44 27 5
7 47 18
91 54 18
22 85 30
71 53 16
26 31 24
59 57 22
65 47 1
20 63 23
45 78 10
82 52 28
89 79 7
80 53 0
44 75 2
63 38 18
97 46 16
23 87 2
33 23 18
33 54 4
87 61 17
38 54 15
97 7 21
67 2 18
29 95 7
52 98 10
29 80 4
74 90 23
46 94 0
90 27 18
59 95 0
93 26 23
66 95 15
53 9 7
26 24 10
49 37 16
65 68 21
97 15 15
80 31 0
62 49 4
13 4 0
53 99 17
33 39 23
94 15 20
82 18 6
46 64 6
29 16 24
42 34 21
46 65 17
17 1 4
69 49 8
48 47 9
30 56 8
37 89 0
53 10 28
81 63 21
31 23 5
74 25 12
83 63 27
38 35 14
89 95 27
74 95 24
84 72 25
50 39 26
63 63 16
95 35 20
27 95 15
98 92 8
14 74 25
83 17 2
86 56 28
42 88 22
16 0 23
30 13 3
95 83 10
32 4 17
94 92 23
74 47 19
69 75 30
34 83 20
74 77 22
88 23 30
24 69 17
95 44 17
13 78 1
68 10 18
91 10 10
84 62 15
22 64 14
73 27 4
30 67 8
74 39 29
54 11 19
62 32 23
7 11 2
84 31 13
87 42 13
42 6 2
70 2 18
35 13 7
22 10 18
60 97 5
61 72 4
51 88 10
0 29 28
77 17 15
23 36 16
8 9 28
16 92 13
41 73 16
62 58 20
0 4 5
48 38 6
80 40 20
12 58 12
18 54 29
4 97 27
19 84 4
55 23 16
82 63 13
53 84 11
56 82 1
66 77 25
86 5 18
49 24 11
77 2 17
29 12 18
86 6 3
6 95 25
7 38 6
14 28 13
44 19 29
72 66 21
53 96 23
91 90 11
97 12 3
75 7 16
72 93 19
23 42 17
20 83 10
16 89 29
77 7 22
3 12 8
89 93 25
15 72 12
57 32 21
8 7 4
0 85 7
96 85 12
64 95 25
50 77 18
3 10 26
26 18 26
48 28 9
93 95 27
90 42 15
23 58 12
50 8 28
80 54 7
61 87 27
50 65 0
87 37 14
67 86 2
69 14 16
76 94 12
52 44 11
99 20 29
17 13 29
70 21 0
34 62 23
89 57 8
44 39 16
52 80 14
66 27 25
12 85 3
24 50 26
52 48 21
4 14 6
50 18 21
11 41 5
11 73 21
54 65 20
13 11 16
84 85 11
92 13 18
59 19 10
53 15 6
39 81 18
18 13 12
93 51 1
78 14 27
96 35 25
9 2 16
61 54 3
85 36 1
98 15 4
22 76 20
21 72 3
83 52 2
93 52 1
13 6 15
22 44 20
22 4 9
83 41 0
0 91 27
44 2 26
47 84 1
59 95 0
86 25 30
44 16 16
70 61 4
23 80 17
45 95 20
5 69 25
12 65 30
1 89 18
7 30 5
37 40 7
46 11 3
27 62 13
77 21 17
25 91 0
60 52 17
95 61 8
80 13 11
12 18 18
52 25 26
18 83 16
99 77 25
38 28 25
79 41 12
45 77 22
29 89 13
75 29 18
69 3 20
18 4 10
40 49 10
87 13 11
32 68 13
7 2 17
33 88 22
0 96 1
55 75 11
53 9 18
38 40 6
85 87 24
99 93 29
62 30 20
58 63 27
45 75 25
12 41 13
6 70 11
75 90 11
98 72 6
83 45 11
55 29 0
59 62 8
68 83 1
14 82 3
94 15 29
94 85 4
32 29 4
45 3 6
64 82 25
29 44 13
10 82 15
69 29 1
72 85 23
28 11 9
72 4 14
32 15 10
32 77 13
61 43 18
54 53 25
55 50 4
82 23 13
51 80 6
70 96 3
27 72 6
5 51 28
48 84 0
63 17 16
71 52 28
92 2 7
82 50 7
79 19 16
10 46 22
82 72 22
8 25 21
14 88 28
53 91 16
28 73 23
97 96 2
32 84 8
33 67 22
4 16 14
67 16 17
76 52 27
92 43 5
93 57 20
8 33 19
36 50 21
14 98 12
57 8 3
52 5 12
74 97 1
54 57 16
44 61 0
86 43 27
43 84 16
64 42 21
63 84 3
47 40 16
29 47 12
63 99 9
67 35 3
6 53 12
82 0 25
4 17 2
85 21 7
43 32 29
24 74 12
59 83 10
99 37 1
44 92 23
51 28 5
51 77 16
55 0 18
86 89 28
29 72 14
93 6 9
81 70 30
64 94 18
17 9 18
30 57 24
33 30 18
81 59 30
89 71 16
41 99 13
17 92 14
2 87 1
19 39 15
11 42 22
45 33 16
39 91 30
7 2 2
30 62 22
94 83 11
32 92 16
34 69 24
29 11 8
25 68 6
30 16 3
5 84 24
99 68 9
92 14 27
39 27 3
86 13 10
88 91 19
31 80 5
97 63 18
97 11 26
32 35 21
2 87 25
36 56 1
71 57 26
43 99 27
84 58 5
45 99 1
88 68 28
70 86 17
3 0 27
9 48 14
1 31 8
24 54 29
82 39 17
27 7 7
92 67 18
11 15 30
90 65 4
63 23 13
44 7 13
86 85 0
37 69 8
3 39 22
16 52 26
37 5 4
13 30 4
87 29 1
5 11 28
72 6 9
22 51 0
41 80 11
69 67 14
91 23 29
4 44 0
46 73 6
36 8 0
61 71 29
64 34 26
87 28 30
66 12 6
84 90 18
87 87 27
66 20 6
59 95 17
17 40 29
60 47 16
89 2 4
15 19 29
45 23 13
38 56 13
60 19 19
35 63 23
11 82 16
71 71 23
19 65 29
48 99 4
89 53 12
40 19 25
0 92 30
1 57 30
2 28 26
86 40 1
42 35 18
52 80 22
7 10 2
78 61 10
67 59 15
68 68 27
51 13 4
71 86 0
75 22 6
27 94 18
97 23 9
66 21 15
6 21 27
45 42 17
75 14 29
93 27 22
73 32 10
91 79 2
46 88 24
20 88 18
50 16 27
24 12 13
3 23 6
92 64 7
64 80 6
89 94 2
12 67 3
78 90 8
66 85 7
38 46 16
17 25 22
40 91 12
38 99 8
17 55 25
73 41 28
88 28 16
43 9 4
16 68 14
14 38 7
83 29 0
29 93 3
34 86 29
32 85 11
92 86 11
27 23 21
79 88 11
56 8 18
0 62 10
44 90 9
66 21 25
95 18 27
64 15 17
50 93 15
28 53 29
87 72 27
27 45 20
2 55 22
36 36 10
37 58 15
52 60 20
14 71 25
48 73 16
35 74 19
86 25 0
21 3 22
72 4 19
80 37 5
43 22 18
52 25 9
59 21 7
49 85 6
49 50 14
86 69 20
19 58 18
11 97 14
67 97 4
25 25 28
22 10 8
7 40 21
8 91 5
22 40 21
26 72 1
36 68 6
71 29 6
20 2 15
92 28 18
94 39 6
2 86 6
70 2 0
4 9 17
40 87 17
90 52 11
41 46 24
68 9 19
71 10 26
9 16 1
48 34 12
84 21 5
13 71 5
77 16 25
56 55 20
57 26 24
23 50 27
43 16 29
87 85 17
61 47 3
2 11 21
8 90 7
37 62 0
99 99 17
58 23 8
53 84 1
62 27 17
36 66 18
82 21 19
8 14 27
87 92 30
71 12 15
74 92 10
8 65 18
48 20 17
12 98 2
11 69 29
18 14 27
56 12 4
19 50 12
72 53 4
75 41 18
2 48 6
62 10 12
71 51 9
34 85 24
94 17 3
37 48 3
20 73 27
55 49 4
63 26 5
79 70 3
8 45 16
89 4 11
78 74 30
17 38 25
43 41 13
85 20 21
95 84 13
95 2 20
96 42 14
91 45 2
92 6 26
38 94 30
21 12 11
6 12 27
27 30 9
96 88 9
56 77 13
69 51 14
59 0 20
82 21 12
48 46 3
42 50 21
28 41 19
42 59 22
52 68 25
6 95 18
78 45 19
97 88 10
96 94 11
46 56 7
47 40 23
79 62 26
23 62 7
66 77 14
41 56 2
97 53 12
66 66 6
68 32 20
3 57 26
18 73 9
91 12 17
70 19 8
70 29 30
5 71 17
93 7 20
29 81 16
67 47 24
63 88 21
53 17 5
52 38 13
68 46 1
70 60 28
70 39 11
65 71 21
3 34 19
47 25 19
36 12 22
68 53 6
80 44 16
27 8 23
69 77 24
71 20 2
4 66 25
49 89 10
98 69 30
27 25 15
1 43 1
81 50 15
90 60 30
4 52 10
79 1 13
86 67 17
69 69 3
8 17 19
88 56 29
17 19 5
24 79 18
10 0 29
19 87 7
40 39 1
0 15 20
8 61 25
87 12 9
82 56 30
29 60 21
47 10 8
53 7 7
23 70 19
23 1 5
72 9 29
11 25 24
93 43 25
31 39 13
60 28 24
37 0 16
90 78 10
82 75 24
16 40 15
44 60 18
12 54 21
48 74 11
7 52 27
60 40 19
8 97 18
34 91 25
67 79 20
51 71 17
23 70 21
18 13 25
64 50 12
94 92 18
3 10 25
54 69 0
40 99 0
19 11 4
93 11 17
17 89 30
27 17 13
40 24 22
9 15 5
75 74 16
78 61 27
15 39 28
89 86 6
17 89 29
99 89 21
67 17 19
2 60 1
62 18 4
75 3 15
29 55 4
11 25 7
66 44 0
95 98 25
75 74 10
18 13 2
26 58 6
84 94 15
60 7 28
71 10 22
1 14 16
28 10 30
0 10 30
82 82 28
17 68 22
61 77 22
92 36 2
83 81 5
84 40 10
44 3 1
30 67 27
2 26 23
21 18 5
92 69 20
30 66 17
36 40 29
87 87 9
44 53 4
60 54 3
67 10 20
89 81 15
31 49 23
60 62 1
12 5 23
63 39 14
25 78 1
25 63 15
24 88 12
96 87 21
24 63 2
82 49 23
13 42 25
5 53 9
74 28 22
75 97 18
16 86 9
69 25 28
48 39 17
45 60 6
69 92 4
57 68 16
84 2 6
14 1 15
82 48 3
18 94 16
11 98 1
66 14 13
46 61 19
68 78 15
16 95 13
66 50 20
26 22 5
58 6 17
93 39 22
34 88 1
38 34 14
52 51 24
76 30 23
84 37 20
54 21 0
54 37 5
7 6 11
95 56 5
67 23 14
79 89 18
30 71 6
33 7 11
4 76 26
69 30 22
67 46 28
46 20 14
67 42 5
92 77 4
69 44 18
11 47 17
5 65 10
55 34 28
11 84 26
24 5 26
52 60 22
76 11 20
21 57 7
60 38 26
72 87 2
20 51 26
3 58 15
26 60 4
97 26 17
53 26 25
51 19 21
17 68 4
14 45 30
39 83 5
58 65 28
21 47 1
50 62 22
20 71 5
83 46 12
21 65 1
38 66 13
11 19 18
25 64 8
3 51 23
50 47 0
93 74 20
43 30 12
58 70 22
78 13 26
45 55 25
72 33 26
0 73 28
77 22 30
67 81 27
0 88 4
42 2 5
90 65 27
93 83 8
58 29 9
89 43 8
53 86 8
96 62 7
16 20 9
87 78 23
79 36 22
72 53 0
87 14 20
65 62 0
73 56 4
71 30 30
34 8 14
69 27 20
61 0 24
24 24 25
20 11 0
42 32 7
84 26 20
77 13 13
64 97 5
21 84 5
42 39 1
53 21 19
30 93 8
34 96 10
11 40 4
31 73 26
0 30 28
80 71 21
93 64 3
25 23 16
69 29 21
51 49 9
85 1 15
40 15 1
31 54 22
12 47 8
26 40 7
0 92 22
23 61 1
78 23 30
24 35 22
74 27 14
29 46 27
99 8 29
60 36 8
65 17 15
95 94 14
16 60 4
16 7 29
59 24 19
10 97 6
6 57 10
74 87 9
25 16 0
23 64 12
31 29 13
72 81 10
23 37 8
22 9 18
98 98 17
58 39 26
13 73 2
82 37 17
45 97 11
98 50 2
48 96 6
24 78 26
40 5 0
7 86 11
93 46 15
75 75 25
43 23 4
15 2 3
15 98 25
55 28 28
38 72 6
68 40 19
79 29 16
64 39 14
12 82 5
82 2 16
96 54 20
38 96 17
43 55 16
20 96 28
10 62 4
88 94 16
45 3 27
57 48 30
5 79 3
39 7 8
10 28 8
48 88 4
33 75 14
78 29 15
70 92 21
96 84 10
30 72 1
84 80 18
91 78 1
63 25 3
79 23 24
98 11 13
76 42 25
69 97 24
48 34 5
67 47 23
23 13 10
25 86 16
20 26 6
98 59 27
47 29 0
72 32 3
69 2 7
6 89 17
43 11 28
21 76 27
39 86 1
68 54 20
44 64 12
12 53 23
58 18 27
58 50 21
98 22 28
45 23 15
48 59 5
25 58 18
71 27 30
93 21 25
8 61 4
30 25 22
47 9 21
85 40 10
53 48 8
28 11 14
79 70 14
14 49 2
66 84 23
78 37 1
4 26 23
39 4 25
52 2 29
67 49 15
28 2 26
26 34 17
72 6 21
85 44 15
29 54 11
55 89 14
34 0 28
35 26 11
4 83 23
91 26 4
58 87 25
15 48 5
10 58 13
34 14 8
19 50 2
89 56 29
98 22 17
94 74 20
72 1 15
91 42 22
29 53 11
47 9 30
25 68 10
34 42 14
8 66 2
59 73 10
83 61 14
32 75 28
19 69 10
39 18 30
41 73 1
14 97 17
38 57 13
28 8 13
76 67 27
19 27 4
7 53 15
69 90 1
67 86 5
0 32 13
0 44 18
47 98 18
88 85 7
53 81 26
89 90 25
1 33 19
20 48 7
80 54 18
93 19 4
92 66 25
30 39 19
74 69 25
59 54 26
91 7 28
69 24 20
20 55 20
30 10 14
34 7 16
75 50 28
24 50 26
8 88 10
83 60 19
77 20 0
84 88 0
68 51 26
5 16 11
32 63 21
90 8 24
80 85 12
17 88 3
24 50 6
55 61 0
1 79 4
88 92 29
41 21 11
13 83 29
26 86 12
30 11 26
84 39 3
20 53 7
27 13 24
14 36 10
97 50 22
0 3 7
26 44 14
29 46 1
56 38 15
67 93 21
89 46 29
31 21 7
74 20 26
0 96 14
41 25 13
75 80 26
52 65 3
88 77 9
53 46 3
87 53 27
45 70 21
27 74 9
59 42 14
55 22 18
45 1 13
18 77 10
11 92 3
40 5 12
4 86 14
29 24 28
77 18 3
67 26 4
51 87 14
74 45 30
64 30 15
13 34 8
87 81 21
57 0 30
87 82 9
10 24 0
75 29 25
0 37 29
83 47 2
94 86 8
2 5 19
78 96 27
51 61 26
63 99 29
55 27 26
15 99 14
4 0 15
87 33 15
33 69 15
31 59 17
8 33 16
91 83 2
72 28 26
84 78 26
88 58 27
94 71 0
9 50 23
51 83 2
83 70 16
43 66 7
40 6 4
39 64 25
92 37 22
78 43 5
45 16 6
40 48 7
16 78 7
63 29 23
15 53 3
8 32 9
3 60 25
6 45 30
79 65 6
33 49 15
96 22 30
1 22 5
16 46 19
66 52 15
92 26 2
15 75 2
30 10 6
69 44 9
70 99 20
39 24 24
20 44 13
47 28 9
61 75 21
84 14 2
41 84 5
48 27 25
20 78 18
61 36 11
58 75 2
37 94 17
34 55 29
11 76 3
84 66 12
98 88 17
31 55 18
91 64 29
74 48 17
75 76 19
36 93 22
14 26 15
9 26 10
23 64 13
93 20 28
40 41 28
76 94 26
61 77 11
99 14 25
74 44 14
66 34 3
82 42 22
94 49 21
32 18 15
48 30 12
22 4 29
29 48 30
64 82 1
48 3 29
38 39 15
88 68 13
18 46 23
24 98 22
4 68 4
56 61 8
60 20 20
44 68 6
44 88 16
15 15 24
97 57 26
77 74 17
19 93 13
50 6 1
81 48 8
23 71 25
49 94 1
58 30 9
12 72 6
81 86 20
56 98 24
89 50 23
98 27 3
92 36 25
44 86 10
73 79 14
79 23 17
6 72 28
1 77 1
38 78 1
90 35 27
20 46 16
11 66 5
85 7 0
18 27 23
86 17 27
89 48 23
16 34 4
46 13 22
55 53 29
84 75 23
4 84 14
18 20 17
45 64 19
79 22 24
46 60 8
45 77 17
59 54 11
47 63 21
94 98 13
97 1 6
26 4 17
45 67 8
75 0 16
17 7 28
15 90 12
63 48 5
46 83 4
30 63 2
50 11 30
17 66 17
41 82 2
92 76 20
11 3 6
5 57 29
19 30 26
87 54 3
76 20 1
18 19 24
53 69 29
65 30 0
16 5 1
64 98 4
8 57 24
20 28 0
99 48 28
10 21 28
44 62 14
87 85 7
98 62 21
92 50 8
26 21 9
48 50 10
69 58 24
60 9 10
17 76 28
1 93 8
82 74 11
7 13 17
39 16 30
26 18 16
64 29 30
98 7 8
75 23 16
82 23 8
12 3 16
95 44 18
42 36 18
29 75 17
38 99 8
89 57 8
64 42 17
57 20 22
30 5 14
26 48 19
28 98 6
92 87 28
79 29 17
15 69 29
93 0 20
23 31 1
92 87 18
71 86 24
15 29 17
68 94 15
79 40 20
27 28 10
62 68 0
37 71 21
15 17 10
50 45 28
39 58 18
80 12 11
90 13 18
54 88 1
86 64 13
60 46 20
41 79 16
82 29 27
40 9 11
28 97 7
84 51 13
50 49 19
79 16 15
0 45 18
89 16 9
68 51 2
15 62 30
32 57 21
26 7 24
28 90 19
51 11 27
54 66 5
11 40 2
30 4 6
40 25 22
48 84 21
99 82 16
84 84 21
90 47 11
33 73 17
44 75 7
3 67 9
23 60 9
38 75 7
78 55 1
33 89 9
55 87 21
59 14 7
11 36 25
3 14 9
22 49 23
1 14 4
65 31 8
95 35 28
22 50 24
93 16 30
77 99 18
39 83 2
13 62 28
10 6 10
2 38 5
19 45 29
74 84 8
7 48 0
8 75 10
24 70 12
48 36 29
98 47 7
4 31 20
20 2 3
50 99 17
73 75 10
36 55 5
69 45 10
90 48 9
16 92 10
72 54 26
99 50 27
0 59 12
47 54 9
99 41 7
7 79 27
85 76 6
18 21 27
55 89 14
69 7 4
91 8 9
79 65 5
68 6 22
74 33 5
37 29 12
10 90 20
23 58 0
49 75 5
45 16 26
64 19 17
72 12 21
70 87 25
45 53 22
7 87 5
99 51 13
87 77 1
43 11 3
37 12 14
16 73 12
76 44 1
87 89 6
31 6 10
70 87 10
41 94 7
85 53 29
33 63 8
15 72 22
25 97 7
47 39 9
14 84 29
54 79 1
87 49 14
91 5 0
47 78 13
74 88 5
53 53 23
51 51 12
59 93 23
18 62 5
76 71 0
92 25 30
53 19 22
92 12 23
14 39 0
70 42 30
79 49 5
61 45 12
52 54 2
11 58 30
57 43 21
34 60 29
46 60 30
7 6 24
59 40 20
6 27 25
95 75 13
64 74 29
79 67 28
10 59 22
0 99 9
82 75 13
19 45 0
63 64 18
60 58 23
50 57 25
37 21 13
1 3 12
14 97 12
23 79 18
14 51 29
0 16 25
73 69 8
95 15 8
48 76 16
14 87 10
45 54 17
60 6 22
91 43 11
12 49 7
44 28 26
16 30 6
92 22 19
56 42 2
34 53 22
94 36 6
83 1 3
57 78 12
48 66 28
17 97 29
8 73 19
96 24 16
25 98 8
93 53 12
3 97 17
81 63 25
64 71 15
59 17 7
88 27 8
97 69 16
48 39 5
68 74 25
21 51 27
68 12 18
48 54 17
83 19 25
92 66 14
48 37 17
0 55 3
61 47 19
5 25 27
9 71 21
45 34 10
62 19 17
8 59 14
75 87 29
27 25 16
39 96 16
89 7 13
84 84 7
45 5 27
37 94 17
63 58 28
37 23 3
13 89 12
64 55 18
34 68 19
74 3 9
95 68 10
64 46 12
92 62 28
84 50 12
44 65 10
57 79 5
29 42 30
24 28 3
62 50 0
16 26 2
94 35 17
70 36 9
33 79 16
54 27 8
1 57 11
59 78 1
67 18 27
73 74 8
68 17 15
86 25 13
25 18 5
67 33 6
28 41 27
59 65 9
78 1 2
98 4 17
24 78 6
10 51 8
33 53 25
32 32 27
35 17 13
29 87 29
64 43 15
46 48 19
1 71 9
84 0 9
49 19 27
49 78 23
67 59 4
58 29 9
54 64 4
12 53 2
22 6 22
19 49 4
81 56 5
82 81 20
62 72 0
7 80 12
40 31 28
48 96 9
5 79 29
83 24 13
12 91 5
79 6 24
74 59 22
60 25 29
84 90 25
44 69 22
26 29 4
22 29 7
68 59 2
7 92 8
85 51 29
60 40 10
25 34 10
30 16 25
72 48 11
46 11 4
78 58 15
20 75 24
62 5 23
7 13 11
22 39 22
56 36 3
86 98 14
87 68 8
3 76 26
83 19 8
3 51 27
69 99 15
67 16 12
55 50 13
67 47 22
51 17 25
81 69 25
48 22 3
68 43 8
18 22 30
67 20 18
3 11 29
47 25 28
61 24 11
66 49 2
26 83 14
73 0 29
52 14 2
68 65 30
71 78 28
69 24 24
11 65 17
30 53 22
89 20 5
92 15 8
92 25 2
91 80 2
65 84 14
9 21 5
82 43 28
43 97 19
68 37 5
33 5 13
11 0 16
5 15 25
20 58 23
11 49 24
56 53 25
55 49 13
23 74 30
38 11 11
78 46 6
71 87 2
58 17 9
5 68 2
6 81 4
76 13 23
37 43 21
51 90 2
10 47 10
0 84 7
51 1 11
7 14 30
39 84 5
56 82 13
51 0 4
32 4 15
28 25 11
53 31 29
19 10 2
14 31 11
34 29 4
98 79 15
10 86 9
56 68 20
28 38 9
87 89 11
36 98 24
92 1 23
79 89 0
0 82 21
98 60 1
68 27 5
89 26 9
31 55 8
11 70 4
93 11 20
36 94 24
91 45 25
48 98 7
46 90 16
31 97 1
83 16 30
30 50 10
1 2 13
49 60 21
80 55 18
76 15 6
94 91 18
89 78 5
54 89 10
21 34 25
67 48 10
75 69 13
97 15 26
16 82 0
14 15 26
16 14 19
24 19 2
49 23 7
24 38 12
49 32 15
89 32 9
78 69 10
46 5 22
72 64 21
72 28 13
25 20 24
28 82 8
24 76 25
93 8 9
63 35 21
55 97 7
43 95 24
17 24 7
9 63 22
65 5 3
20 3 0
60 24 5
76 91 9
94 8 10
54 91 14
14 6 24
67 75 13
62 50 28
25 3 28
97 16 4
94 27 30
11 3 11
58 27 20
78 58 26
87 48 4
82 97 10
61 90 18
21 57 9
64 90 16
25 45 23
96 68 26
29 16 17
56 90 17
49 84 8
30 58 29
22 50 29
3 87 30
92 54 7
79 31 2
78 90 30
59 6 0
8 49 4
65 78 21
22 19 24
19 93 9
76 66 10
80 12 18
21 8 10
81 77 30
87 55 30
57 54 17
18 20 5
8 25 27
75 5 24
63 56 16
32 68 11
36 42 2
86 94 22
9 21 6
19 22 1
76 38 7
27 97 22
14 40 11
39 41 15
17 18 9
12 1 11
85 61 24
5 46 10
52 21 6
24 97 1
20 80 19
82 12 14
78 79 12
6 20 1
20 26 9
42 32 8
80 2 4
7 5 5
31 18 20
23 24 14
13 79 13
6 10 3
85 77 14
4 6 22
7 58 19
51 22 25
73 69 12
44 53 23
49 66 11
66 47 1
66 56 26
37 69 10
62 25 16
70 24 26
5 31 21
35 18 16
65 61 9
96 51 21
59 0 12
50 96 17
89 78 13
72 15 25
54 39 3
19 77 16
1 94 25
13 88 9
85 11 14
36 96 8
31 67 10
82 59 21
76 89 30
98 41 0
7 97 3
90 65 22
55 82 15
33 57 21
64 5 13
32 47 25
2 60 8
98 73 13
84 14 10
92 4 29
30 52 25
31 8 6
95 61 11
11 89 23
16 63 19
49 8 15
50 15 0
7 97 25
84 91 23
71 81 20
75 36 27
20 60 12
46 91 20
56 64 16
42 49 19
20 17 6
63 13 18
11 12 9
79 58 30
6 9 29
35 12 5
8 28 10
29 7 24
83 36 0
45 42 23
74 55 30
31 64 11
69 82 21
61 85 23
22 86 13
57 58 4
51 95 1
5 12 6
4 47 12
61 61 21
21 79 16
43 3 20
29 81 19
58 7 11
76 89 2
25 63 13
53 69 7
29 4 9
1 42 25
39 25 13
33 62 20
96 63 15
30 80 6
86 62 9
79 1 2
33 18 1
4 64 3
31 95 13
84 75 0
32 69 18
59 66 22
97 11 7
24 46 26
99 18 27
65 60 0
22 91 9
88 50 23
29 6 3
4 70 7
16 89 6
63 6 3
69 65 1
13 60 1
14 5 2
31 50 15
96 73 21
59 17 11
88 1 7
91 67 1
55 31 23
71 65 19
38 90 2
23 79 1
5 30 14
26 86 17
19 60 30
99 43 18
25 81 22
29 52 6
86 3 29
36 34 4
8 25 16
86 16 30
37 95 15
76 57 26
28 49 16
37 42 9
48 39 27
22 86 20
95 95 14
43 85 29
24 71 9
29 44 17
30 6 27
50 85 20
9 3 27
41 9 25
37 66 21
1 63 25
40 90 0
37 36 7
73 86 21
33 77 0
71 20 23
84 44 5
10 64 13
22 53 2
15 11 5
87 83 5
66 39 7
81 66 7
22 83 12
47 43 19
10 64 16
5 43 19
82 87 14
43 45 7
82 92 25
71 67 21
40 1 0
80 84 7
86 68 22
74 40 9
3 36 28
48 63 4
73 98 1
48 49 4
68 74 16
75 64 7
54 87 6
82 89 4
12 88 4
45 81 2
14 13 30
91 54 12
31 70 16
44 3 14
27 65 11
61 93 14
12 89 8
73 69 22
59 90 28
60 56 9
4 78 30
10 47 22
40 86 16
74 90 2
52 97 0
98 95 18
69 46 4
20 19 20
87 32 16
75 2 15
21 35 7
84 0 14
48 57 29
56 91 20
24 87 10
45 52 14
71 22 28
84 91 16
0 94 12
98 14 18
2 76 21
95 6 13
6 3 6
17 41 20
11 82 7
0 4 24
2 99 30
61 80 4
1 72 18
15 69 15
34 15 22
51 26 23
37 21 24
4 29 22
75 93 0
10 98 18
50 38 25
33 67 18
68 91 15
63 74 29
7 97 0
40 43 19
27 92 13
70 97 5
77 57 6
41 91 19
47 51 3
66 92 5
54 88 27
0 14 10
88 6 25
98 7 18
33 10 10
33 58 17
45 80 4
72 88 2
63 49 13
26 49 11
92 74 26
83 0 24
50 6 7
37 70 3
33 79 29
72 97 29
47 64 3
74 30 1
74 88 3
86 95 20
11 23 7
54 12 9
90 85 29
56 40 16
75 84 6
77 91 13
60 64 25
94 71 28
15 24 21
70 2 24
29 35 0
40 99 23
1 40 16
16 79 17
88 74 8
0 74 11
59 73 25
46 23 28
20 55 16
1 14 8
16 5 13
19 19 13
85 9 7
17 60 4
72 8 10
40 53 25
96 87 24
90 55 5
50 57 25
29 57 28
47 27 3
82 41 20
56 94 0
5 54 5
18 77 1
20 92 27
67 29 19
58 60 24
98 80 6
72 10 22
72 87 6
46 62 23
88 29 2
23 90 30
83 86 5
31 21 0
23 58 26
89 90 6
7 25 18
67 23 26
6 98 24
57 25 13
30 15 10
19 23 23
17 78 1
17 36 11
20 35 1
36 98 15
37 63 13
43 19 4
45 52 29
35 39 0
41 5 30
90 50 16
80 88 18
88 29 15
75 89 24
41 35 0
16 33 22
99 89 11
48 44 18
95 52 27
57 22 13
98 70 3
77 51 19
51 13 25
9 6 18
90 49 0
81 3 10
69 84 20
20 73 0
98 58 22
5 48 29
36 36 15
78 88 19
11 29 15
22 71 6
76 99 15
22 55 20
60 15 14
2 6 21
4 49 11
97 19 13
48 99 0
67 35 23
64 37 21
34 78 20
24 44 22
67 29 3
62 13 12
9 13 3
26 28 16
92 99 13
39 56 30
43 87 0
11 20 3
42 60 2
31 48 13
92 56 3
15 93 24
37 19 28
54 85 0
18 62 9
26 36 21
77 19 8
60 66 6
28 57 18
46 43 29
69 91 5
25 77 0
19 88 21
43 61 2
76 69 15
33 55 0
26 64 21
82 43 7
15 72 27
23 38 6
36 25 13
35 98 19
8 52 21
41 12 6
84 76 23
2 42 16
25 96 5
28 84 27
78 74 3
41 47 26
29 96 5
50 76 12
22 4 23
30 80 6
95 96 6
61 15 21
50 3 10
2 61 15
17 71 3
22 58 8
25 87 25
89 53 14
7 56 26
23 7 9
94 93 29
19 46 17
99 24 1
40 65 18
47 48 26
76 7 9
71 71 22
28 2 25
50 61 3
94 54 6
35 1 19
41 30 18
88 50 13
21 97 19
55 10 17
99 77 19
24 67 5
3 96 6
27 84 18
57 4 19
9 9 6
54 60 14
59 50 4
33 62 20
40 37 1
8 50 30
39 31 1
31 60 4
98 11 20
0 66 7
80 62 18
5 45 15
82 26 29
23 90 4
27 89 4
45 30 16
92 64 24
8 46 29
86 87 10
93 66 19
56 23 16
53 33 16
45 49 24
36 36 26
92 94 6
48 22 5
3 58 17
9 45 26
30 5 25
41 99 6
32 54 13
60 7 5
14 41 8
82 24 27
41 34 20
98 81 28
11 87 14
23 98 2
48 68 8
46 13 3
29 77 9
13 35 6
77 76 5
83 63 12
11 77 28
83 78 23
6 95 4
14 69 26
39 23 20
61 4 1
75 16 16
48 53 30
59 53 12
75 22 1
30 25 12
22 27 7
61 84 19
81 94 29
94 55 28
36 50 20
35 4 7
99 79 18
14 46 0
39 52 20
7 94 5
59 3 26
52 26 11
1 66 23
93 88 5
4 28 7
79 16 4
27 94 26
22 83 2
63 2 8
97 59 15
97 87 9
30 58 5
27 81 10
95 83 26
46 52 25
72 44 8
31 88 16
45 28 26
21 5 5
45 43 15
14 62 20
51 17 21
60 96 7
49 81 26
74 68 25
58 78 28
25 41 21
63 33 21
10 36 23
67 46 28
83 5 28
23 98 9
54 26 17
66 48 7
88 23 14
41 46 29
37 44 30
10 74 15
69 92 25
51 8 4
92 88 11
49 46 18
59 53 6
57 31 24
33 91 29
1 31 9
71 85 1
40 49 5
28 11 20
41 62 3
81 65 1
86 34 21
15 15 25
21 38 17
40 8 3
32 90 9
74 47 4
26 74 26
38 98 8
52 12 19
97 18 3
67 20 18
21 39 19
89 43 28
48 80 28
36 94 14
50 17 15
86 34 26
18 69 9
21 47 5
46 65 20
95 57 18
8 66 10
31 90 5
10 29 23
57 22 15
64 24 25
53 35 5
80 69 28
57 98 17
68 22 21
52 30 0
4 52 24
46 31 4
51 32 20
50 29 26
14 2 4
88 46 9
68 32 29
76 18 16
50 44 27
74 43 20
57 44 6
3 55 15
63 96 0
91 21 15
3 35 12
19 59 12
46 77 2
5 38 22
73 86 0
79 9 4
26 40 20
50 52 19
67 15 1
88 37 23
70 67 23
59 56 3
62 15 11
73 8 30
94 59 13
58 62 11
45 2 10
17 75 3
26 32 23
71 47 11
43 65 23
94 84 7
69 74 20
93 83 23
27 42 10
52 12 18
10 0 17
16 94 25
5 23 20
11 96 6
15 0 14
53 83 13
2 55 0
93 15 16
61 2 23
75 23 2
41 55 15
4 49 10
98 8 6
28 36 23
21 66 5
99 95 26
5 46 9
30 30 21
56 79 27
23 20 14
93 34 2
27 10 19
12 6 26
48 39 10
31 72 23
64 67 20
85 22 13
29 34 6
64 39 19
52 3 13
36 42 23
27 85 14
94 16 30
91 88 0
42 26 12
44 34 24
38 74 2
5 41 7
79 62 11
77 42 20
61 21 14
47 61 22
84 40 10
38 96 17
5 41 2
36 0 6
84 62 24
10 68 18
32 44 13
99 21 14
13 57 4
71 57 13
97 35 26
14 71 4
44 13 13
87 67 22
99 63 10
39 48 22
63 27 22
10 75 1
31 39 12
72 50 23
28 81 3
74 56 27
32 69 16
42 94 8
33 98 7
55 10 12
78 4 6
59 10 14
11 95 30
58 60 7
22 47 1
42 46 27
23 32 17
62 18 26
17 24 13
29 25 2
24 6 4
30 58 7
26 22 3
39 54 4
89 57 16
40 30 1
54 58 5
84 11 4
62 96 30
50 85 0
68 42 18
62 69 26
51 68 19
56 90 22
44 31 30
55 61 30
88 44 12
62 68 29
74 45 12
12 10 0
92 23 19
37 69 21
51 75 19
28 88 21
83 78 6
51 95 8
24 80 7
24 49 18
8 35 3
17 14 27
22 82 22
81 23 13
77 69 13
65 6 19
39 32 19
29 10 0
77 42 18
30 86 22
67 1 5
31 15 24
90 48 10
48 80 3
19 12 4
2 55 1
55 31 24
39 79 30
26 36 24
11 42 18
7 39 1
22 18 27
7 66 16
53 79 7
32 43 23
64 68 10
18 45 11
58 98 12
24 9 1
82 23 25
53 54 7
32 43 5
20 65 30
67 11 7
48 85 30
16 99 30
49 6 2
1 94 20
81 59 21
51 31 12
15 50 21
45 82 4
92 29 14
66 12 9
54 25 12
97 0 30
6 42 23
3 79 15
83 21 1
79 39 17
34 72 10
58 47 7
65 9 5
14 13 29
20 88 7
46 40 27
99 38 8
87 44 29
74 84 14
37 44 23
53 33 9
33 68 11
85 85 17
25 53 15
6 13 27
39 79 8
75 43 28
34 2 12
13 24 12
57 33 21
61 47 4
68 62 18
44 9 30
7 20 27
15 83 3
99 14 28
49 47 16
68 15 11
41 56 20
10 31 9
25 75 26
18 41 12
67 17 29
52 2 18
30 92 1
43 52 1
52 87 21
63 8 22
11 6 17
86 91 21
3 91 29
11 41 5
69 9 1
77 64 23
31 7 1
73 77 5
13 67 28
27 65 1
83 26 27
7 32 28
80 66 20
38 22 4
3 68 24
43 2 0
17 98 22
26 52 21
74 30 23
22 13 19
72 58 16
7 76 14
59 50 28
89 49 25
45 42 20
6 24 14
61 28 21
16 35 5
53 82 3
64 69 1
10 66 25
28 83 26
7 39 14
7 88 29
46 28 6
61 44 9
1 0 6
92 40 28
92 97 18
94 43 13
12 57 10
26 64 6
0 39 23
74 39 16
69 27 0
84 83 2
53 27 2
94 24 26
87 77 13
47 65 6
90 16 28
58 44 11
24 60 5
82 9 28
92 67 3
58 31 2
79 52 11
42 64 1
91 13 13
54 38 29
28 74 10
24 63 5
20 91 5
48 63 7
1 14 10
66 38 1
49 22 25
48 57 8
87 27 16
57 91 17
98 26 11
33 37 0
75 50 10
60 56 7
98 7 3
18 12 7
36 99 6
17 26 22
62 54 27
63 84 28
4 56 11
2 86 8
10 82 28
67 15 25
99 58 6
14 98 19
82 10 3
25 17 15
81 96 21
25 80 26
20 32 9
13 81 4
10 32 2
10 89 4
91 11 8
34 1 12
94 83 20
40 51 22
43 40 18
10 9 15
1 79 19
89 74 30
39 50 11
43 84 29
50 92 30
76 14 8
94 89 11
30 6 0
45 63 9
76 79 6
34 24 11
98 13 19
6 11 17
15 31 7
26 41 28
21 21 18
1 6 4
27 2 6
29 40 25
9 37 27
63 39 21
73 4 26
70 63 20
45 49 17
3 75 30
73 41 7
59 14 5
91 89 5
37 31 20
15 91 22
89 29 20
16 71 5
8 77 18
85 89 30
64 33 6
51 54 0
54 48 7
1 95 8
70 76 20
87 88 24
17 89 13
57 60 29
9 91 21
90 71 28
88 70 27
53 15 24
94 33 30
90 31 24
89 16 24
41 76 1
65 87 24
1 25 20
68 64 13
88 39 22
44 89 22
6 90 29
47 95 14
1 10 4
34 42 16
34 61 28
61 42 27
59 97 24
16 93 18
82 60 26
36 34 28
36 77 21
19 87 7
14 71 6
6 95 4
58 99 3
98 43 9
24 38 12
72 56 27
71 18 19
46 18 13
11 46 1
96 25 3
56 62 27
40 11 1
2 86 4
98 37 11
39 40 26
10 98 19
47 5 27
1 81 7
88 7 8
82 13 14
98 92 30
47 67 14
38 60 12
36 27 13
94 97 2
43 64 15
86 89 27
93 77 25
51 66 17
7 83 12
26 19 23
57 42 1
81 61 1
93 79 19
50 0 5
24 36 15
96 44 3
41 5 24
47 52 15
40 32 4
84 98 19
88 65 25
66 37 27
75 0 27
92 97 21
71 99 1
38 66 27
30 57 12
27 7 30
68 81 5
24 7 12
20 41 28
85 40 23
18 35 29
5 8 1
93 79 13
13 34 10
48 30 2
38 33 17
15 25 16
54 15 23
43 51 16
3 83 18
55 22 0
83 85 12
15 19 16
46 18 1
64 59 10
20 64 3
28 2 15
35 48 0
90 91 30
62 40 22
77 37 10
5 6 29
52 86 6
22 38 24
90 32 5
60 73 11
12 87 24
81 66 11
7 86 26
93 6 15
70 13 30
98 30 19
70 75 23
37 43 25
64 2 23
38 27 0
48 65 30
66 0 28
12 39 15
77 45 22
74 23 19
12 29 26
81 5 18
54 96 5
47 38 24
25 33 9
59 50 2
70 47 12
17 1 15
28 94 29
2 89 7
4 46 17
86 81 8
23 20 9
1 19 14
44 26 6
78 42 3
44 17 8
87 97 23
80 33 28
95 23 22
12 31 25
63 29 20
68 14 10
29 13 26
28 69 14
84 71 5
78 71 20
91 47 14
19 44 11
10 82 17
98 43 14
36 87 26
19 57 14
71 10 15
45 37 16
61 80 9
94 39 7
96 62 5
98 31 30
71 4 28
24 93 7
29 29 11
32 36 3
59 48 18
35 15 21
57 39 9
42 88 20
55 56 7
62 38 25
83 97 24
68 22 27
8 96 14
99 50 18
34 58 11
29 85 17
17 75 8
26 31 11
56 30 16
91 24 5
14 75 8
58 94 5
67 1 29
75 46 26
5 6 18
30 59 6
94 53 1
52 1 13
42 13 17
72 49 2
92 81 21
44 94 0
12 44 17
98 44 4
36 8 7
55 54 26
76 61 27
17 83 11
37 81 23
9 32 5
17 27 1
12 70 22
34 43 6
76 85 20
83 3 5
64 69 17
1 55 9
39 27 18
10 0 12
93 10 2
92 25 8
0 89 25
81 49 15
92 49 10
46 18 20
49 94 21
89 41 2
58 35 25
43 56 26
22 58 30
29 27 0
40 1 29
6 19 1
1 46 1
83 69 26
56 99 6
28 49 25
72 33 9
97 4 25
32 59 16
51 30 21
74 29 16
98 0 21
81 81 10
68 36 16
16 16 29
99 94 9
68 61 22
27 22 23
53 98 6
78 77 2
65 36 12
26 65 9
60 99 12
68 84 9
33 38 2
21 48 24
49 26 15
36 75 27
18 45 4
82 54 0
96 59 25
78 66 9
72 55 3
11 47 29
16 33 10
40 22 20
48 31 8
58 95 21
90 71 18
58 98 0
2 21 25
52 37 21
18 58 3
68 31 19
91 53 12
26 78 0
80 27 19
96 15 11
67 46 30
42 49 22
45 51 28
33 62 0
14 27 5
20 92 15
70 70 29
20 52 7
75 6 21
23 59 19
59 0 10
45 78 3
14 62 16
94 12 19
42 1 5
18 66 30
56 59 25
53 35 5
44 15 7
66 4 18
96 41 23
11 40 30
44 1 23
78 52 8
62 58 7
75 12 18
94 14 10
91 36 4
82 88 2
60 29 5
12 76 13
81 9 12
73 84 28
20 2 12
52 43 26
97 89 29
81 79 27
58 91 27
16 36 25
65 57 12
37 66 19
32 94 17
4 95 27
82 26 5
10 11 4
95 24 22
97 78 4
46 34 28
66 72 20
90 66 8
26 34 18
26 66 4
37 87 5
75 98 20
72 53 19
56 40 3
10 31 16
97 84 9
36 66 14
93 66 5
70 42 27
79 22 18
53 57 10
6 84 23
98 56 1
50 78 24
27 48 27
54 73 1
96 72 28
80 2 21
78 81 28
60 86 12
96 23 11
42 12 26
77 82 9
13 86 2
18 66 2
0 12 6
77 94 23
94 56 3
0 16 13
32 11 26
52 39 17
69 38 18
19 70 6
16 11 11
93 37 11
11 21 7
87 51 7
75 82 13
13 36 27
86 9 23
74 99 14
5 44 25
24 4 7
74 43 22
69 54 27
61 5 4
96 12 8
56 82 25
25 96 5
57 68 3
43 11 19
64 2 1
14 6 1
4 46 13
16 74 6
74 7 22
2 69 16
35 94 0
0 28 14
12 76 7
61 47 7
5 42 25
96 18 3
84 67 1
62 84 28
70 98 18
60 63 15
10 45 22
56 61 3
65 25 9
20 10 11
10 11 16
75 54 11
66 41 20
37 85 16
28 26 26
80 47 7
5 18 20
69 13 10
47 54 23
16 88 1
13 28 3
18 80 4
30 56 19
20 16 18
20 6 13
90 52 4
33 50 9
41 50 30
60 49 20
15 23 29
17 31 0
84 15 4
4 69 30
30 41 27
98 18 11
54 2 21
29 91 20
69 42 7
20 48 5
32 26 17
22 96 22
25 25 17
56 84 1
78 92 8
75 56 28
96 24 10
8 96 13
69 3 12
68 37 6
23 30 5
66 94 19
1 87 11
86 20 24
39 69 7
13 88 6
11 49 2
33 10 1
42 41 15
34 38 9
36 73 23
62 18 16
41 45 6
12 19 5
76 99 28
45 20 6
21 23 3
19 35 20
71 10 3
46 7 4
90 82 30
1 1 11
67 56 28
66 48 21
62 4 4
35 44 30
82 60 14
97 87 5
54 88 6
81 97 13
71 28 1
66 89 2
84 35 14
9 58 10
20 18 23
64 10 10
80 9 2
10 23 16
35 6 15
58 40 16
87 52 7
12 61 21
91 93 10
52 92 7
44 56 30
22 92 23
72 36 13
47 15 9
94 76 30
83 49 24
18 69 24
34 23 27
82 14 18
22 86 9
4 88 4
18 12 23
47 70 19
85 69 17
69 33 11
1 49 5
56 46 2
92 74 22
79 96 29
58 62 17
84 4 14
24 14 19
73 79 7
58 92 2
38 31 28
13 1 17
79 59 26
95 91 25
28 55 15
44 84 23
50 11 25
25 57 22
18 58 26
46 79 21
89 80 30
53 73 28
65 70 15
52 92 7
19 21 14
89 17 15
70 73 24
12 76 10
32 32 30
93 64 28
16 33 26
33 67 19
2 78 27
36 30 9
46 21 17
3 9 13
42 1 12
69 30 11
25 89 8
12 95 20
99 66 15
10 3 23
42 42 28
27 33 20
66 83 21
11 46 3
30 26 6
29 21 24
80 54 26
63 45 21
39 57 28
81 15 14
37 49 22
47 38 27
23 97 24
28 63 10
65 28 17
44 77 14
21 1 2
8 32 17
82 97 14
74 80 0
35 61 6
92 65 1
58 32 17
48 53 21
13 7 6
16 95 28
27 32 16
33 50 27
52 39 6
16 39 25
2 86 4
89 72 13
40 19 10
71 74 8
11 70 7
51 5 7
88 46 28
71 90 5
86 4 11
1 56 24
49 28 4
92 42 19
51 40 16
73 2 16
71 81 12
25 91 10
32 85 4
43 73 17
36 41 18
35 57 5
73 92 14
46 69 5
91 12 27
39 86 15
90 85 4
41 84 26
89 44 14
67 75 29
82 10 4
61 82 2
75 65 0
50 3 13
5 84 0
54 9 21
66 38 11
40 94 19
28 48 20
43 82 0
88 29 28
29 17 29
40 2 26
20 30 27
25 80 10
99 78 12
84 7 29
62 48 3
86 99 15
91 36 16
4 84 25
27 95 2
95 44 4
63 9 27
27 58 14
63 41 3
62 72 14
62 83 20
9 42 8
96 37 22
69 49 2
60 73 7
30 33 23
74 5 13
6 60 1
87 40 27
52 79 14
21 51 22
27 2 27
27 30 27
19 99 12
51 80 4
10 89 6
17 11 7
34 47 28
59 53 14
71 92 12
81 61 16
13 83 24
45 30 9
25 4 6
60 40 6
89 78 16
14 97 9
54 90 0
13 77 3
10 82 12
2 98 5
81 26 1
58 87 8
73 33 12
40 61 13
21 4 19
68 31 24
76 67 29
3 47 24
42 45 29
24 43 22
43 33 2
44 36 20
74 53 5
12 41 20
78 43 28
42 11 14
40 93 20
28 29 17
93 44 24
89 67 6
67 22 4
74 88 3
58 11 10
32 47 26
79 10 15
21 26 17
83 59 27
71 6 10
2 6 20
76 77 9
17 65 5
5 71 23
54 8 1
85 30 28
39 3 29
2 21 25
46 25 28
51 96 11
80 47 19
9 52 28
41 30 21
39 79 7
22 85 22
75 62 28
16 90 17
33 20 1
85 46 16
93 10 13
60 84 19
36 19 28
1 21 28
66 65 9
93 75 1
94 90 28
0 48 24
6 52 13
77 69 14
91 7 15
80 33 1
19 43 29
57 26 1
25 72 6
72 47 8
40 92 0
2 28 10
38 66 4
7 69 3
69 76 4
95 5 22
29 53 13
17 72 14
70 13 27
74 15 22
73 72 22
7 64 22
32 89 11
78 76 26
67 96 1
35 71 0
38 45 28
13 12 27
7 14 24
99 24 5
99 36 9
16 40 30
26 64 30
84 9 21
64 26 19
50 97 13
55 96 3
5 73 9
37 48 13
82 58 16
19 20 4
6 63 1
21 59 5
52 26 1
76 59 24
33 70 3
86 60 9
27 42 26
78 51 3
87 22 6
64 25 11
82 27 25
89 58 11
17 9 20
51 98 6
61 39 18
96 11 3
78 20 1
30 68 21
8 90 12
69 34 3
62 62 0
68 44 22
21 39 12
23 2 27
64 49 12
21 82 8
47 24 11
93 40 1
89 6 9
26 82 29
76 4 11
18 98 17
62 39 13
81 64 23
29 31 24
61 76 18
54 98 14
15 82 8
59 38 19
32 99 17
18 38 25
43 55 29
72 45 4
50 86 12
95 47 17
85 56 28
45 92 12
25 48 19
40 80 4
26 55 1
28 13 2
23 76 11
78 76 11
21 7 13
17 20 15
41 18 0
23 58 18
69 51 25
83 43 17
44 51 27
17 77 13
42 32 23
20 95 20
50 29 9
92 30 25
51 57 3
20 0 24
36 48 20
28 79 27
81 1 11
40 96 23
66 77 29
50 50 18
8 66 25
17 1 9
90 95 14
88 35 25
15 91 30
21 51 11
67 72 22
61 66 22
8 76 15
54 82 27
22 75 25
77 78 6
98 41 5
65 10 21
27 27 3
76 72 10
29 39 5
22 31 10
9 54 27
0 77 29
1 80 14
83 63 27
1 15 22
2 35 11
42 33 4
44 1 10
76 3 5
97 65 12
35 49 5
7 46 2
0 84 28
10 26 18
61 52 30
26 38 2
33 49 14
71 46 25
91 62 14
17 19 28
0 82 8
26 23 1
49 68 9
65 41 22
40 13 21
92 10 13
2 91 12
30 31 15
72 45 3
4 2 18
52 80 7
62 30 13
42 88 26
72 72 24
18 99 19
20 91 12
69 33 15
20 1 29
4 49 4
62 89 8
54 74 14
80 70 0
72 7 13
41 0 27
16 63 24
93 86 25
35 38 12
21 21 25
63 48 27
55 38 9
66 36 16
50 30 20
13 37 1
1 8 10
73 28 9
48 35 14
67 5 30
10 40 20
44 34 22
49 35 9
43 78 2
78 23 0
61 77 11
67 34 19
68 1 3
35 57 5
68 99 15
7 15 19
6 23 8
92 66 10
95 44 15
99 12 28
67 63 1
77 20 12
49 20 10
1 42 11
34 30 11
43 42 10
8 0 27
23 48 19
84 80 20
10 83 17
83 85 19
11 40 24
44 31 16
78 44 15
0 83 21
33 11 29
22 58 26
12 58 21
65 83 22
60 70 0
29 40 27
38 23 5
55 17 22
79 74 12
82 17 26
80 58 13
43 46 23
87 36 23
55 51 29
88 95 16
6 80 15
10 90 13
15 6 26
41 66 20
18 37 30
25 98 5
83 90 8
32 18 28
96 94 21
62 82 0
4 36 27
69 50 30
58 38 17
33 87 1
39 45 21
15 15 2
23 44 29
72 22 8
67 24 5
94 31 29
92 4 0
54 39 7
47 76 4
50 4 28
32 39 15
43 47 8
55 65 26
81 12 13
12 22 10
37 98 9
69 87 27
36 26 5
22 56 10
7 26 14
92 97 30
38 14 20
99 42 2
17 16 28
27 32 30
17 22 28
65 48 4
76 68 19
83 21 20
57 6 26
35 63 1
64 67 13
17 84 3
91 84 24
75 15 12
57 19 14
86 53 8
95 97 17
46 13 18
89 31 12
63 65 28
2 1 15
8 31 22
16 73 19
9 66 28
29 34 28
58 37 13
19 29 3
68 21 23
28 3 6
62 1 25
41 86 1
14 68 18
40 59 5
71 60 29
50 6 2
57 52 9
6 10 30
83 57 13
73 69 21
72 96 7
14 4 3
19 64 14
14 29 7
99 18 29
59 72 21
10 12 9
59 96 28
41 99 23
26 98 5
50 58 1
74 92 27
21 51 27
34 72 22
30 49 2
93 88 12
77 59 20
43 91 26
57 28 0
86 15 1
50 61 17
97 46 12
55 54 26
0 38 11
66 67 13
2 57 14
81 97 21
76 99 6
59 58 21
71 37 13
70 68 17
68 43 7
42 46 15
30 75 24
55 99 9
78 25 2
7 27 4
58 6 1
65 32 11
92 57 2
79 78 12
31 93 14
91 66 17
79 37 5
87 95 20
19 85 14
67 36 2
40 9 20
57 3 16
69 89 6
84 39 0
2 87 29
79 46 25
42 41 26
10 53 22
13 48 23
44 92 21
32 37 8
70 57 1
16 49 16
61 72 28
99 16 5
83 9 1
93 81 26
45 4 2
29 26 8
21 63 11
20 48 13
94 26 8
2 35 3
88 25 6
14 71 16
95 12 11
77 92 16
44 25 0
32 37 9
42 25 3
20 74 1
50 99 29
60 81 19
20 6 3
16 84 11
33 72 21
1 67 28
76 10 16
24 50 8
6 49 11
16 94 21
97 10 4