10
7 3 5
3 3 14
6 7 16
7 4 12
5 6 11
4 7 28
7 1 30
0 5 16
2 0 23
9 4 14
9 0 19
2 4 2
9 8 7
5 2 18
3 3 16
8 4 13
3 7 12
7 3 30
2 1 29
7 3 27
5 5 6
6 5 28
1 0 13
8 6 18
0 4 29
5 7 12
5 8 9
3 7 8
3 4 14
8 1 15
8 3 24
7 7 7
6 8 28
5 4 29
2 3 23
5 7 26
6 5 27
9 2 3
4 7 29
2 8 13
8 7 3
9 8 8
8 8 22
2 1 12
7 8 5
6 5 14
2 7 14
2 7 13
1 9 23
3 1 27
0 0 14
4 6 20
4 7 25
6 2 28
3 1 26
3 7 9
5 6 2
2 9 2
5 7 20
6 3 30
6 0 26
4 6 22
1 2 1
5 6 11
9 2 5
9 6 29
6 1 16
4 7 24
7 8 23
9 4 13
7 2 26
5 5 3
4 3 10
5 0 11
0 4 11
6 1 5
4 5 24
0 9 29
9 5 19
4 2 6
6 3 28
0 2 21
4 2 17
5 3 22
2 9 10
2 8 18
2 3 7
8 8 1
2 7 18
7 8 6
8 4 3
5 5 27
5 0 21
0 0 14
5 0 1
4 9 5
7 6 1
1 8 4
8 0 21
5 1 25