31
5 10 17
13 19 24
30 26 5
8 10 8
28 2 11
20 2 10
4 15 9
14 13 3
27 5 25
26 8 25
27 29 16
27 15 4
28 8 10
20 9 0
25 16 23
5 28 2
28 30 1
11 27 27
29 30 14
12 15 22
14 28 1
22 5 28
8 9 10
29 10 8
5 17 5
4 16 5
3 25 20
22 25 16
19 6 28
17 7 3
11 17 1
16 19 6
14 17 5
27 23 1
11 17 23
19 29 3
6 12 15
4 26 9
14 19 16
19 11 17
4 19 15
9 2 30
30 16 5
12 19 10
26 2 1
0 6 2
8 12 27
22 27 4
25 4 3
25 23 30
2 0 17
8 24 30
15 26 14
17 18 22
22 21 27
27 24 25
0 12 1
10 27 14
22 8 7
6 21 4
28 7 20
0 9 11
3 9 2
12 15 27
9 7 23
9 10 8
1 29 29
6 27 11
0 15 5
18 28 1
7 5 1
22 11 0
27 11 12
12 28 15
21 25 30
4 21 7
9 23 20
26 30 8
19 22 29
24 13 26
13 29 13
9 25 5
3 16 1
23 27 18
19 26 3
1 12 8
27 25 0
28 1 15
1 20 26
2 30 16
4 30 26
24 28 11
10 29 12
9 0 23
11 0 12
3 19 9
17 28 15
24 3 28
26 15 2
8 22 6
3 28 21
4 12 25
28 17 28
8 25 20
7 26 4
25 30 1
24 13 19
1 24 17
17 18 1
21 3 11
5 12 21
3 9 13
2 11 23
4 9 17
5 22 26
20 29 12
3 22 26
11 23 14
18 24 6
29 17 28
27 19 27
10 25 28
3 15 11
22 16 12
7 19 1
29 5 10
7 0 20
13 19 2
17 20 16
0 13 20
5 17 14
27 13 14
13 23 1
3 3 7
28 22 0
28 27 25
9 11 17
13 2 29
28 3 10
16 23 25
0 25 5
21 3 1
4 21 8
15 30 4
16 28 5
16 16 23
19 0 19
2 15 19
2 3 22
9 26 16
6 28 19
3 1 24
16 4 7
20 16 21
24 23 2
0 26 21
15 15 28
9 19 8
17 21 22
1 22 5
4 13 13
22 25 8
0 30 16
20 30 30
12 0 15
24 7 19
19 12 1
26 16 27
26 25 18
19 23 30
20 15 23
17 4 28
26 20 0
30 23 27
6 9 3
1 22 28
6 13 21
22 10 27
24 1 1
9 16 8
11 21 29
20 13 0
21 26 30
23 28 24
23 15 24
9 14 17
28 7 4
10 15 9
24 30 11
27 28 27
17 7 10
21 6 1
17 6 6
25 11 29
14 2 12
18 16 22
29 3 3
28 12 13
25 21 18
14 21 19
11 8 29
28 12 1
17 25 23
26 15 20
29 19 14
15 17 5
18 23 5
4 2 25
10 7 26
27 26 28
6 7 11
1 13 11
18 18 26
1 24 30
3 2 16
14 29 11
30 14 1
10 17 11
27 26 30
20 21 28
0 11 2
17 25 30
22 11 19
11 18 28
0 1 14
15 27 17
19 2 7
11 20 0
12 15 20
0 22 3
25 23 21
10 3 8
28 14 8
9 18 30
24 15 29
27 20 2
27 23 27
4 21 10
8 24 23
8 5 4
10 1 3
30 1 21
11 2 5
19 18 21
24 19 24
13 5 11
21 5 14
24 25 30
12 9 30
16 3 12
5 5 15
16 4 15
22 15 14
16 8 18
27 2 12
14 11 0
14 22 11
2 27 30
26 6 30
23 19 29
22 17 29
0 1 28
19 20 22
18 9 10
2 30 7
7 11 1
25 29 0
28 11 2
29 21 18
22 12 12
0 15 21
0 30 19
22 14 11
16 12 15
16 27 28
5 21 16
7 30 7
18 6 20
12 27 3
21 5 13
0 9 9
5 24 30
3 12 3
7 0 3
10 10 8
6 14 18
10 3 3
29 29 8
18 22 16
25 15 12
27 6 30
19 7 20
21 20 10
5 23 20
9 22 4
28 14 0
17 1 18
23 14 6
2 15 10
11 15 27
15 13 9
27 28 24
7 6 7
8 2 20
9 5 13
7 2 17
24 16 21
29 18 5
14 10 30
1 14 7
25 10 3
20 24 5
12 13 1
0 18 8
28 1 18
30 28 27
21 10 19
11 10 2
8 13 8
10 6 28
13 16 28
14 11 16
19 1 21
16 1 27
0 24 9
4 23 28
2 8 9
16 3 9
20 7 29
23 21 9
23 28 15
23 24 5
21 10 10
11 23 11
26 8 10
25 1 23
12 5 2
15 1 23
20 5 18
0 11 26
26 3 16
2 20 29
5 28 6
5 20 11
22 16 3
13 2 22
23 14 11
20 1 20
12 15 24
17 27 27
5 13 27
5 22 2
9 29 24
13 25 18
8 27 25
17 17 17
0 30 6
8 27 21
20 30 10
6 12 11
22 12 4
10 27 21
4 9 0
19 21 8
4 24 25
28 19 15
14 0 29
5 29 19
5 8 16
12 27 29
0 30 14
13 22 2
6 20 22
16 18 10
23 1 21
23 6 5
5 15 19
8 5 6
25 25 19
0 24 17
19 4 13
25 2 5
8 17 1
24 24 6
8 27 22
18 27 23
7 15 22
3 23 4
29 22 18
6 4 8
19 22 5
20 15 7
6 17 13
20 12 8
2 30 20
25 29 0
22 26 2
10 9 13
6 13 22
13 23 1
1 16 4
4 24 6
14 28 2
9 19 10
18 30 17
12 14 9
9 8 13
24 2 2
4 17 5
1 5 4
3 9 26
4 5 16
20 25 1
27 21 30
28 0 16
29 20 30
5 7 24
11 7 4
6 24 18
10 10 0
18 5 9
30 12 30
16 28 19
4 17 13
21 6 4
23 12 3
15 6 28
22 10 8
11 24 2
17 2 0
29 3 25
2 8 26
2 16 5
22 1 3
28 5 22
19 13 24
30 21 0
27 28 13
25 13 18
12 11 4
3 17 30
13 0 24
1 30 3
28 16 12
10 28 10
5 19 19
24 7 1
18 2 13
20 6 25
24 7 27
10 9 11
30 30 6
2 10 14
27 21 13
9 5 1
30 17 15
2 3 23
4 3 1
15 5 19
16 20 21
28 25 9
23 22 27
23 10 26
25 18 24
7 12 14
29 27 29
4 30 25
19 17 30
18 0 6
17 2 24
8 13 7
30 15 25
4 27 24
14 12 3
16 24 6
11 8 19
22 9 0
30 3 22
19 18 12
30 15 24
18 29 18
27 17 0
7 9 8
17 1 28
1 8 9
3 4 10
30 16 24
17 24 30
23 11 12
28 17 23
8 1 18
1 14 18
19 7 13
9 17 9
29 17 12
3 9 0
9 6 19
3 9 7
30 11 7
7 1 25
25 15 22
18 25 6
0 24 4
11 16 19
20 20 20
11 24 25
2 13 21
7 20 4
26 14 25
19 1 26
24 21 23
21 13 4
28 18 30
10 4 25
13 1 1
15 9 2
29 21 16
23 20 15
16 23 29
2 3 30
16 20 14
14 20 26
25 2 22
20 3 19
16 10 23
22 19 7
7 5 10
18 20 11
29 18 15
19 5 19
23 4 15
24 27 7
28 25 21
30 25 11
7 15 1
23 27 27
10 26 21
26 14 6
16 15 29
2 23 6
16 18 22
28 17 1
24 30 30
6 20 1
14 16 13
21 17 17
10 11 3
0 26 28
3 20 5
26 11 17
26 19 3
27 9 30
21 28 10
8 27 3
8 23 11
14 4 10
21 17 22
21 30 28
7 17 18
30 26 10
25 9 6
17 9 22
27 8 13
17 2 0
7 21 17
12 24 12
16 2 10
30 25 7
5 17 29
2 14 8
23 9 16
26 12 23
8 9 10
14 9 22
15 9 21
4 3 13
3 14 9
15 6 23
28 12 16
7 26 21
21 13 14
15 28 10
3 17 25
5 16 30
4 9 2
7 24 19
21 19 3
27 15 7
16 28 28
9 10 4
25 19 16
16 21 16
25 14 16
4 6 23
27 11 7
18 4 26
14 4 0
5 26 0
27 22 16
13 14 23
21 28 1
24 18 0
12 9 25
10 19 2
20 11 8
8 6 12
0 0 18
4 10 1
18 12 16
28 22 19
9 4 25
6 22 26
14 22 11
15 6 24
9 6 17
19 16 6
3 26 23
20 9 8
20 11 8
20 9 27
11 20 17
30 1 27
1 0 5
8 23 30
12 13 25
17 17 17
1 1 11
2 13 25
7 27 25
18 11 2
12 15 2
10 29 26
4 23 21
0 12 26
29 8 22
4 29 25
25 1 13
13 9 25
28 28 1
27 17 0
17 2 14
15 21 29
1 6 4
27 15 16
23 1 8
21 17 18
22 8 17
0 16 17
0 29 18
29 21 15
14 6 24
28 25 14
29 9 25
28 19 27
5 15 1
23 30 9
10 13 13
22 27 27
18 23 1
1 15 29
13 25 1
2 23 27
13 7 21
22 20 14
10 27 22
8 18 16
12 11 18
17 25 24
12 14 5
29 24 10
10 22 24
16 9 16
3 11 5
22 13 1
13 18 20
21 29 7
17 6 0
6 14 19
1 27 5
0 20 16
8 28 22
27 17 23
26 13 29
8 30 23
4 15 18
5 30 11
17 28 30
16 24 28
2 3 28
10 17 23
27 21 25
22 20 23
6 3 17
16 19 30
12 27 5
24 18 1
26 29 9
21 4 30
16 12 4
8 25 26
5 29 17
2 19 0
12 0 9
23 24 21
28 10 19
20 6 11
4 9 25
15 5 30
29 13 18
13 20 18
7 18 14
21 21 16
1 21 29
16 7 16
9 0 1
12 23 21
18 23 0
20 15 29
11 10 7
4 17 28
20 12 7
19 13 30
19 2 22
7 9 27
24 28 15
6 29 13
24 6 6
9 18 23
13 9 7
14 21 6
20 19 25
20 24 6
9 20 12
21 16 11
2 17 14
30 7 6
7 30 25
17 22 4
22 19 27
16 18 1
25 0 17
21 15 8
17 6 16
7 0 9
6 7 25
26 22 20
2 19 7
14 6 15
2 2 16
4 3 17
29 3 29
21 4 25
12 25 19
3 6 14
14 21 19
3 17 1
24 20 19
11 15 2
23 12 12
16 13 26
22 11 26
5 28 17
11 7 20
21 22 12
10 24 13
20 8 6
18 5 10
27 16 6
16 8 18
27 12 9
15 12 15
3 30 29
17 21 12
18 4 12
4 5 14
5 17 6
3 29 24
8 24 8
19 23 5
7 17 6
3 16 14
15 22 14
14 25 1
18 18 17
1 3 12
23 2 1
13 26 0
25 29 11
5 8 19
22 30 24
5 17 0
25 1 6
4 25 9
20 20 1
5 5 15
14 28 6
13 30 19
24 1 30
2 16 16
20 2 29
8 17 14
4 7 22
12 27 14
1 22 14
6 14 16
19 13 23
27 14 11
4 11 19
26 26 16
9 23 22
7 20 17
18 19 18
9 14 2
18 0 27
17 20 8
9 28 20
6 21 28
8 7 13
24 19 24
13 11 7
12 15 29
6 12 28
15 28 1
9 26 13
4 23 24
13 8 28
13 0 10
28 3 22
19 18 29
16 25 25
19 19 11
4 29 7
17 22 11
3 14 19
14 0 28
28 19 15
16 18 13
9 19 8
1 5 6
5 16 28
6 1 30
12 23 19
19 7 10
14 25 18
28 19 6
18 13 28
17 6 7
12 4 10
17 20 12
30 5 20
16 1 2
0 26 10
7 26 3
0 12 13
21 6 21
3 23 25
7 5 6
17 20 8
16 16 3
8 7 14
21 6 17
7 21 16
1 27 3
10 13 29
10 29 23
4 8 4
26 13 5
29 2 8
11 10 26
1 12 26
22 13 10
28 0 18
13 28 20
16 30 10
9 28 17
25 27 22
28 10 1
2 0 20
2 22 23
12 13 7
21 8 5
6 0 30
3 13 11
26 14 12
17 3 8
22 20 26
14 21 21
16 27 0
12 19 29
20 14 4
13 0 28
11 17 13
15 12 4
26 0 14
9 11 23
14 7 16
15 14 1
30 17 15
19 1 14
7 18 29
18 3 24
21 26 2
24 22 22
7 30 21
6 16 28
10 26 7
11 15 24
1 9 17
14 15 7
10 3 18
15 15 4
10 2 3
14 12 2
12 25 3
27 14 15
0 14 6
8 15 27
9 1 12
18 12 19
30 18 13
28 26 14
23 27 0
30 0 13
14 2 8
2 25 9
27 26 13
25 22 11
7 12 12
7 17 1
29 22 13
3 26 23
10 3 1
15 24 13
28 6 7
1 26 3
14 22 21
19 29 30
3 24 20
6 18 10
1 2 17
6 3 12
14 19 13
30 3 4
24 0 16
8 15 14
12 24 14
13 24 3
25 5 19
27 22 2
0 5 30
13 17 17
30 26 25
28 12 1
20 7 12
18 24 13
27 0 4
12 17 24
2 11 27
9 5 1
16 5 7
6 26 30
4 7 28
10 11 11
18 14 12
6 17 28
1 8 6
17 12 0
13 6 9
19 26 7
6 8 7
18 17 26
8 21 25
4 9 6
20 4 12
1 7 3
17 1 28
21 13 20
21 3 24
19 11 29
4 30 4
3 17 1
20 24 27
27 3 5
23 27 13
5 13 22
1 7 26
2 8 9
3 8 9
10 16 14
4 13 3
26 8 15
24 22 1
0 17 28
5 13 5
22 6 20
5 23 23
25 7 4
25 13 22
18 6 1
26 8 30