90
62 51 9
6 18 5
34 31 23
39 62 0
42 48 22
9 59 3
34 26 3
17 41 5
58 63 24
66 22 19
11 46 25
79 14 18
77 48 29
41 49 26
29 54 9
0 63 6
65 59 29
83 76 21
6 6 29
43 72 17
42 46 16
54 35 12
33 74 5
56 77 1
0 16 14
6 17 28
71 44 8
72 38 8
77 44 28
4 50 18
56 54 11
13 19 14
36 14 1
17 70 22
48 32 21
5 38 13
63 19 3
14 54 24
41 41 15
75 45 30
53 64 28
39 77 0
8 75 28
14 2 16
8 13 16
70 18 12
59 44 2
2 20 19
36 62 18
76 9 29
76 24 7
40 63 28
38 33 11
87 10 22
79 70 30
14 50 18
39 19 15
45 73 23
16 19 22
28 57 10
47 43 1
41 46 10
73 84 14
1 81 17
35 33 8
82 47 6
19 48 26
53 3 10
17 19 8
5 47 6
54 57 1
37 8 19
45 43 2
86 6 6
48 41 15
41 85 13
85 15 12
19 30 10
79 47 28
69 14 20
78 30 17
78 67 24
87 22 10
51 70 14
7 80 27
48 32 17
8 79 2
16 60 28
28 50 23
21 29 9
75 17 27
45 57 16
74 16 13
57 30 2
9 89 1
2 48 16
80 56 22
8 73 17
3 63 8
60 46 2
40 31 5
51 76 16
0 23 25
24 42 2
28 51 13
74 53 10
25 6 6
54 14 12
16 69 2
28 39 8
31 80 17
51 3 15
53 3 27
71 27 28
81 17 7
0 2 16
58 79 14
44 5 30
65 22 2
59 50 12
61 82 7
4 5 16
76 20 23
81 53 5
39 44 28
48 7 30
72 65 26
65 71 5
71 8 16
57 29 1
45 0 23
22 56 25
55 43 19
1 34 1
64 73 2
17 31 3
24 66 13
72 41 9
74 22 28
59 42 14
5 87 4
85 71 11
43 36 20
21 89 23
14 64 20
52 43 18
7 30 28
79 64 7
4 48 14
27 18 17
79 75 30
3 33 30
74 76 28
7 59 18
65 73 2
17 36 8
52 5 5
63 85 19
25 89 21
61 79 29
12 68 13
49 72 24
30 18 24
48 25 1
27 1 20
32 18 18
80 32 0
31 5 7
8 82 17
33 15 28
39 27 21
82 39 1
68 69 5
40 27 20
33 16 12
61 48 28
88 39 24
68 32 28
57 2 12
45 35 22
75 36 12
83 28 14
35 6 25
5 8 8
0 3 14
87 65 10
63 25 4
72 3 1
47 22 20
67 67 19
12 52 28
36 7 27
10 42 7
15 47 25
47 48 14
6 7 29
66 32 24
36 14 28
39 24 17
43 53 7
7 27 27
8 25 1
37 35 25
86 12 7
54 60 30
26 28 14
24 4 16
48 41 0
36 42 22
9 47 2
49 55 22
13 63 30
75 62 15
52 58 29
76 23 20
20 49 0
61 35 7
6 45 16
18 44 28
54 53 0
15 12 10
3 25 27
17 63 12
28 25 3
51 11 24
7 31 25
29 54 7
69 22 22
23 41 7
56 5 10
9 73 5
17 76 22
88 3 26
3 31 10
15 83 16
11 52 8
57 81 0
10 22 8
46 45 29
89 64 27
42 73 28
22 1 21
27 51 11
43 55 7
8 32 11
22 5 10
29 62 2
14 72 26
59 81 0
18 80 18
34 84 14
33 16 30
18 43 0
7 48 26
42 56 18
69 40 1
59 69 28
1 83 15
56 15 14
29 85 29
27 29 10
9 24 22
44 42 23
3 12 10
68 54 18
76 33 5
51 54 6
50 56 23
32 22 30
57 13 28
72 3 9
44 12 1
84 19 23
77 22 25
81 52 14
52 0 2
25 51 29
67 12 6
65 6 19
40 64 5
62 8 15
23 14 1
60 60 19
50 48 10
65 1 29
45 53 1
72 78 16
11 18 11
7 45 1
39 48 26
84 20 22
43 44 30
66 14 8
18 26 10
6 54 15
84 9 7
35 81 24
38 54 9
14 23 12
87 62 6
58 19 17
38 62 20
84 0 16
10 70 30
89 76 18
27 70 1
32 68 6
26 16 0
0 30 24
20 80 0
87 48 26
47 86 24
51 42 24
32 15 16
1 14 8
24 3 28
18 35 14
55 24 14
56 24 6
81 6 25
41 56 0
19 13 18
22 65 14
24 59 24
7 22 1
27 46 16
28 26 18
59 81 26
16 47 20
56 1 11
33 42 5
21 23 17
58 45 6
47 70 20
51 39 23
31 66 2
14 57 20
84 78 17
51 5 26
42 23 10
39 56 27
55 40 9
46 60 12
12 17 27
89 30 10
46 23 28
63 89 17
16 83 16
12 44 11
55 48 6
62 50 27
72 15 7
16 23 27
58 35 10
79 34 5
12 42 15
63 67 23
81 83 14
87 5 16
61 22 16
57 84 25
72 67 15
89 45 1
76 13 24
42 55 5
38 29 29
19 2 5
89 83 11
25 42 2
5 13 3
85 71 25
36 15 29
53 15 26
4 1 23
41 44 18
23 44 21
60 64 27
75 25 18
82 50 13
19 17 20
68 13 18
73 11 1
18 64 4
8 30 21
11 72 3
32 57 11
43 27 30
57 12 19
63 57 23
74 38 23
61 16 4
28 51 20
11 69 25
61 77 19
75 51 24
42 83 16
54 88 21
2 55 12
66 81 0
52 65 18
55 88 5
34 27 18
23 0 21
39 24 7
86 9 0
76 51 17
86 16 17
85 70 27
6 46 0
89 60 9
67 26 14
24 60 30
84 83 29
71 85 12
8 43 29
86 81 24
29 77 3
23 34 27
20 41 28
8 2 19
23 69 29
89 55 25
2 49 30
58 31 6
47 1 0
46 50 9
58 41 18
48 64 9
18 84 0
87 54 20
37 40 26
64 39 20
62 42 20
67 62 19
67 19 18
20 65 20
54 33 13
38 81 9
57 62 10
78 59 8
12 6 18
67 71 19
87 5 13
67 34 22
40 11 0
15 83 7
1 47 30
81 48 12
46 67 10
57 55 19
32 29 27
10 6 0
27 56 26
48 33 5
41 74 9
53 51 3
41 52 27
77 6 7
14 52 12
65 71 12
33 13 28
22 23 22
82 12 13
19 60 21
80 11 0
62 65 1
89 68 12
74 55 14
68 31 17
40 6 25
67 2 21
85 24 19
72 17 7
63 88 27
50 79 10
20 13 16
4 65 23
40 11 27
82 79 7
48 29 6
85 58 10
7 54 15
5 36 18
16 62 14
87 74 7
79 56 8
9 60 15
59 10 25
74 54 12
31 12 21
85 59 0
12 67 6
54 72 30
23 88 20
43 47 29
51 89 22
35 60 6
84 29 18
54 13 14
14 7 5
17 54 20
78 66 15
14 31 5
0 16 30
48 59 22
42 73 20
54 18 13
37 65 22
31 29 9
41 5 11
63 74 6
17 63 2
38 39 11
4 39 22
58 49 15
31 53 26
4 17 3
88 55 20
22 48 5
59 89 3
27 24 2
87 42 2
85 42 7
25 46 14
33 14 14
10 8 1
61 64 27
2 62 6
60 84 15
19 15 4
74 42 9
24 1 22
36 49 19
50 36 8
12 69 17
76 41 3
12 12 20
56 66 15
27 88 14
46 18 18
26 2 11
31 78 28
39 77 5
0 37 19
8 11 26
44 87 11
88 62 28
16 28 22
20 18 5
57 64 19
34 1 1
53 32 16
35 33 4
67 34 1
44 4 24
53 48 20
65 46 23
89 24 27
52 44 6
14 64 2
45 8 20
79 23 7
64 58 15
73 35 0
44 42 0
64 57 30
5 32 2
9 31 29
41 84 29
53 60 17
39 15 11
41 57 22
74 31 15
13 66 23
24 20 7
1 84 22
78 52 17
21 61 19
40 12 18
14 27 20
65 28 11
35 69 22
27 16 7
40 29 0
89 16 30
89 69 3
19 58 23
70 79 25
63 30 3
12 6 19
21 71 17
8 68 17
51 58 23
36 8 17
87 59 2
68 21 3
6 40 22
86 20 26
47 46 14
72 58 15
34 42 12
25 12 17
47 63 19
85 9 6
62 58 27
18 37 27
43 43 1
36 2 23
32 49 18
59 84 8
1 80 8
29 15 29
36 24 3
10 19 23
45 82 27
50 10 17
75 15 21
13 13 3
61 45 17
27 14 1
13 68 7
4 7 21
6 5 27
34 16 17
34 61 5
2 21 25
59 59 18
69 72 2
44 43 7
30 32 14
62 7 8
32 11 28
32 70 0
5 14 2
49 10 9
47 12 19
55 71 23
40 13 23
0 57 9
43 49 30
25 21 1
75 15 21
43 48 27
68 15 18
71 26 19
45 73 24
3 0 17
58 2 20
57 2 2
61 7 9
7 33 13
51 18 15
68 23 10
27 53 19
0 34 30
74 80 13
33 45 26
63 14 19
16 33 29
40 5 29
23 64 30
27 77 9
8 17 25
0 44 14
6 45 7
1 81 14
68 24 21
46 87 19
39 65 0
73 15 30
76 38 17
74 27 22
0 88 6
2 50 27
20 56 7
34 19 29
38 88 24
49 6 7
75 45 27
6 80 26
32 66 13
84 12 26
86 13 22
54 67 11
28 49 11
47 83 20
57 83 22
54 43 8
49 28 2
19 86 28
4 80 22
80 74 12
56 71 7
29 87 1
53 25 5
5 34 30
28 53 20
88 18 2
77 29 22
60 48 18
86 14 18
50 57 7
64 23 6
16 14 20
87 67 16
27 34 28
51 63 23
83 23 24
15 10 7
80 33 28
50 29 23
11 79 29
8 15 15
38 83 28
65 80 25
79 18 9
37 31 4
86 24 1
78 2 7
46 44 19
77 4 8
70 15 21
82 75 8
79 23 9
0 88 19
41 77 16
79 24 28
89 73 12
85 61 3
1 69 17
40 56 15
18 88 8
89 42 5
85 83 8
37 46 6
70 49 15
44 38 28
50 0 7
43 85 4
89 86 26
0 36 10
57 54 8
39 53 16
59 10 18
51 48 11
55 80 18
84 34 14
62 47 7
23 52 27
7 51 17
61 13 27
5 70 1
75 72 22
22 41 6
1 54 19
77 19 19
61 66 22
46 0 26
82 24 10
62 31 7
37 54 2
49 59 14
38 7 13
81 29 6
6 82 1
69 70 2
84 3 26
5 11 2
26 4 2
8 66 26
42 65 7
14 76 13
4 25 25
80 16 26
17 22 0
61 53 22
87 47 13
50 14 21
14 2 22
54 11 10
36 15 5
72 29 0
77 85 27
0 75 17
42 55 7
38 78 10
15 75 18
85 88 23
38 64 15
86 81 4
19 27 30
70 9 28
18 86 16
80 86 1
31 0 24
55 39 22
5 54 27
1 11 3
12 49 14
78 45 30
64 65 14
28 7 2
22 25 5
11 68 21
89 61 12
81 78 7
23 83 28
2 85 26
70 59 21
74 47 30
31 74 5
53 64 11
46 86 12
87 59 6
35 59 12
36 12 1
75 35 17
3 37 14
31 69 17
57 15 5
53 46 15
23 61 15
1 17 30
19 15 18
14 12 6
33 48 21
40 86 19
2 89 27
12 30 19
29 50 3
17 13 13
42 88 30
79 52 23
74 71 27
1 47 1
77 80 19
75 82 21
70 47 7
65 59 3
1 50 25
4 67 12
54 19 1
76 60 29
39 45 20
17 8 5
7 86 2
8 71 4
5 14 1
53 41 5
4 4 29
4 8 21
32 25 20
58 11 12
46 12 28
67 29 22
45 36 1
66 45 15
42 12 22
12 66 15
4 70 15
45 36 21
26 30 18
79 88 3
12 6 30
4 35 2
42 43 14
77 71 18
55 23 6
9 88 15
4 54 19
55 61 7
24 88 21
19 39 2
38 13 6
18 17 24
26 59 27
33 8 15
47 25 23
22 34 22
24 0 12
59 55 26
2 42 22
65 23 14
51 61 18
44 79 29
72 68 6
15 63 13
29 21 3
67 43 25
65 29 5
27 50 14
51 52 13
34 80 22
57 41 10
54 85 8
17 29 20
53 6 25
45 36 7
25 65 8
40 41 6
17 30 24
49 43 1
86 78 24
17 7 29
10 23 23
45 2 1
19 55 13
57 11 18
26 36 4
0 38 21
4 55 19
20 15 28
88 63 3
57 42 21
81 15 7
10 22 19
21 41 3
39 9 1
54 87 16
45 88 10
77 54 19
64 36 23
4 34 5
22 53 16
61 44 7
33 55 15
8 38 28
39 77 10
4 42 24
6 87 19
9 37 1
15 11 21
50 15 19
20 89 20
32 60 20
22 3 12
71 64 26
34 65 15
58 69 23
42 38 23
23 47 6
21 24 18
54 74 25
32 56 30
26 88 19
64 20 0
81 54 20
84 50 23
37 71 8
32 23 21
77 46 8
30 67 21
85 84 17
78 26 1
71 14 19
85 40 15
13 31 4
57 26 16
38 63 25
37 58 25
35 7 2
81 37 21
60 84 7
38 35 8
19 16 15
13 11 13
28 77 14
58 6 16
11 45 28
73 44 12
30 79 24
86 70 5
29 3 3
56 41 14
33 22 2
63 36 18
6 26 28
70 46 23
32 58 23
57 3 7
65 86 24
79 82 23
41 21 21
12 39 6
17 72 11
39 8 19
86 14 17
30 46 5
32 78 4
80 7 2
81 72 25
34 62 12
20 65 13
60 77 4
52 57 24
28 6 25
40 54 20
40 84 23
86 26 17
63 16 27
43 60 4
19 56 5
39 38 29
42 9 18
46 23 17
32 51 26
79 53 1
11 3 1
42 51 15
60 24 7
86 67 11
57 86 22
51 87 0
73 39 26
83 47 15
21 80 5
56 31 17
54 4 2
9 8 30
80 69 9
39 27 3
21 84 6
59 8 30
45 81 20
55 36 13
87 58 30
43 24 4
89 40 17
63 11 1
88 53 30
47 55 9
74 76 4
22 45 19
5 52 17
41 17 20
35 67 9
71 20 13
10 71 2
44 6 4
48 4 5
31 52 8
41 88 28
60 20 21
35 77 21
16 81 18
71 26 27
56 60 24
27 70 23
0 24 23
37 34 23
38 65 0
3 69 19
45 39 22
3 37 8
66 53 24
19 86 25
38 52 3
78 41 22
61 3 12
50 41 26
44 79 7
52 82 25
21 89 18
10 55 6
38 31 8
58 50 9
66 51 18
44 39 17
2 62 9
37 22 24
17 29 8
24 43 27
62 64 20
11 36 5
88 37 1
37 5 28
35 33 19
46 39 28
9 41 16
65 41 2
86 20 12
44 6 11
8 68 21
62 41 29
29 39 13
42 39 27
15 74 3
39 30 2
64 1 15
23 66 24
4 24 20
67 68 14
83 39 27
35 11 16
24 3 17
12 45 7
5 60 24
83 61 25
20 87 26
51 72 7
32 38 17
34 15 4
41 60 25
79 58 3
68 44 8
58 57 8
36 24 29
11 70 28
17 0 4
25 51 0
61 84 19
31 80 8
70 31 11
20 72 17
72 12 22
36 71 7
8 69 1
39 80 2
4 8 10
17 33 11
13 4 26
47 35 14
6 68 18
40 50 7
80 32 24
37 31 26
50 1 18
50 40 23
30 6 7
11 24 26
5 89 23
45 46 11
37 52 28
60 55 2
66 45 28
47 44 23
46 57 26
77 17 3
8 10 14
89 73 30
61 40 20
89 85 1
24 84 11
66 54 29
30 83 8
78 40 3
68 48 16
58 87 19
51 5 13
13 56 6
88 27 9
35 78 17
65 13 13
20 41 14
82 71 28
10 59 16
34 89 2
25 20 4
85 33 12
28 46 4
81 7 2
47 42 0
7 69 4
14 52 14
75 44 30
39 16 14
5 12 22
57 89 19
69 47 6
49 75 28
85 28 23
58 75 8
72 83 17
9 59 29
77 44 11
88 45 28
31 50 25
63 69 14
25 11 16
72 60 11
76 55 8
49 75 13
64 20 12
21 29 18
67 69 12
30 67 24
10 60 6
54 33 19
7 58 6
8 3 9
83 79 28
7 1 3
59 27 28
13 48 12
79 78 30
8 18 19
35 80 24
59 6 3
77 14 6
54 22 7
53 67 1
17 75 12
71 44 13
54 19 24
67 8 10
73 69 11
57 14 23
11 35 11
88 23 15
58 77 21
69 41 9
84 20 17
47 53 27
0 18 21
54 47 12
5 31 16
65 88 22
40 61 8
59 21 21
16 80 3
85 21 26
41 15 25
87 25 29
86 25 4
67 41 26
19 47 27
39 74 0
74 24 25
16 45 16
19 61 9
23 18 7
69 22 14
7 19 9
88 67 5
8 45 25
65 26 15
25 65 17
35 11 24
16 27 12
70 8 27
63 32 30
1 63 27
82 70 5
61 68 20
65 76 30
72 13 14
89 0 22
0 35 7
77 13 14
20 84 25
77 19 16
24 20 13
31 64 8
19 35 27
74 10 13
47 45 25
45 44 22
71 44 10
19 83 6
46 14 1
81 53 29
21 77 8
23 70 9
58 89 13
33 73 25
84 82 3
21 38 23
49 19 11
74 38 20
74 84 1
17 38 8
82 59 11
78 44 4
48 64 25
53 7 27
31 54 8
54 37 13
31 86 4
14 32 14
81 17 28
33 86 8
1 78 0
7 28 17
84 76 7
31 40 22
14 71 17
28 36 13
3 29 0
36 44 21
32 87 15
74 30 15
64 83 19
23 1 4
78 85 8
70 26 15
70 41 15
33 31 10
86 34 23
46 33 2
0 27 0
61 11 15
42 75 23
11 60 4
9 48 22
84 81 10
70 61 25
38 56 8
56 53 5
52 9 19
15 61 2
14 84 11
57 36 21
41 47 30
79 57 25
73 51 12
4 83 12
28 84 13
83 50 25
7 64 19
53 80 14
37 4 23
31 61 30
63 64 22
64 53 6
76 89 18
79 3 9
53 32 28
46 77 21
1 84 8
18 48 24
57 85 5
39 78 30
18 13 24
45 78 23
1 26 18
60 16 19
23 69 15
69 77 16
76 79 27
20 59 4
81 26 10
71 27 25
69 46 10
56 53 23
7 55 21
46 77 21
51 10 2
88 80 3
23 28 20
4 48 12
71 2 23
57 73 11
31 14 6
19 71 30
47 40 26
12 48 10
82 10 24
4 8 0
4 83 23
44 87 6
2 30 3
38 87 22
11 29 25
83 10 8
28 20 23
80 32 29
29 76 11
79 43 13
43 47 24
74 1 5
77 55 20
82 55 19
32 67 25
48 60 17
46 50 17
45 40 14
3 69 0
23 21 5
52 64 30
36 10 3
17 87 26
29 41 0
39 73 26
1 32 14
64 40 27
57 47 27
6 13 26
70 36 16
48 50 28
36 86 22
25 14 2
83 43 2
55 44 11
56 8 22
27 72 11
10 2 3
85 8 26
50 40 27
87 89 18
61 87 25
8 74 21
4 67 22
41 33 18
62 89 2
77 79 22
4 51 30
31 47 13
70 59 26
18 18 18
17 80 11
64 50 12
87 54 15
25 5 19
8 30 15
51 69 18
77 36 24
14 67 26
12 9 16
51 28 14
50 7 16
47 33 13
27 30 3
37 17 20
80 26 12
33 39 28
26 26 22
33 41 26
87 53 30
20 66 2
62 79 19
55 36 13
61 25 3
30 63 11
19 53 23
38 48 10
37 37 22
71 70 27
45 68 7
28 88 18
1 22 14
19 78 6
32 49 7
75 41 2
7 23 4
18 61 30
16 8 6
2 42 14
30 87 21
35 77 8
54 78 21
25 59 14
83 1 0
77 38 14
44 7 7
79 25 26
34 3 4
26 58 26
88 50 22
1 85 24
2 11 1
77 36 30
51 30 4
35 17 13
23 24 8
34 65 12
69 9 29
22 87 23
69 85 19
23 86 24
54 50 24
35 38 30
37 89 19
78 86 29
29 20 28
39 16 21
23 85 3
25 69 9
32 48 26
0 71 9
14 87 28
40 84 9
65 31 1
29 71 30
25 62 18
45 12 3
2 87 9
20 22 9
35 17 27
8 17 23
67 83 23
48 86 20
68 61 17
48 0 16
25 78 30
74 33 2
12 36 8
35 18 13
89 54 10
12 62 17
59 1 27
65 49 30
27 27 25
21 76 30
87 11 11
87 48 25
9 60 1
18 5 2
12 4 3
23 69 2
13 0 4
49 65 6
80 2 17
31 24 8
86 73 7
39 70 0
77 79 19
62 59 15
65 72 23
84 57 7
37 33 24
81 82 0
84 72 19
25 65 2
42 23 27
33 24 2
71 12 18
80 74 24
55 11 30
35 57 15
46 56 30
19 47 5
57 3 4
60 29 14
86 33 7
20 28 19
61 62 15
16 14 25
68 69 22
26 67 5
41 75 9
0 5 3
54 62 25
1 32 27
14 81 17
12 11 4
34 34 12
69 50 3
87 28 21
79 16 26
37 58 25
52 20 10
75 74 10
64 76 17
82 52 26
6 64 7
10 8 20
76 77 21
66 37 3
87 78 27
34 25 14
18 39 22
7 77 27
58 51 3
14 44 22
13 12 27
23 22 7
16 60 7
73 36 17
68 33 30
80 29 19
22 9 25
36 16 20
35 37 29
19 13 14
18 27 26
42 50 5
75 28 23
6 63 21
77 42 20
85 84 15
42 17 29
76 53 8
8 88 23
43 70 29
32 50 18
85 2 28
18 78 14
63 46 30
16 33 16
2 80 28
32 32 17
20 71 5
38 41 20
3 84 30
33 78 28
1 73 7
33 53 8
3 78 2
89 4 10
37 58 27
18 1 10
29 73 15
4 21 2
30 24 29
35 57 13
53 20 15
73 15 3
43 71 2
59 70 29
70 18 14
72 88 29
31 27 13
60 32 3
41 62 22
67 59 2
44 22 25
3 57 24
16 10 13
16 69 22
73 50 0
60 84 9
48 25 0
19 48 12
63 51 1
79 80 29
76 34 26
4 38 3
38 54 26
14 32 4
61 67 8
36 89 3
61 47 28
76 28 6
32 1 29
13 42 4
15 29 6
39 33 14
83 33 3
48 10 6
82 71 19
38 70 25
40 41 22
68 27 23
16 22 0
15 35 2
5 50 0
81 51 21
67 45 24
17 3 24
51 47 8
25 85 8
37 35 29
58 66 11
69 82 27
82 8 15
86 65 4
42 18 20
32 47 1
18 26 6
65 77 4
4 65 3
13 12 7
26 32 12
80 63 20
14 56 1
87 14 19
30 56 16
76 89 6
78 69 21
44 44 4
6 11 4
66 24 16
34 12 27
68 2 0
5 68 27
1 65 15
77 57 25
80 44 17
41 32 16
27 76 11
53 44 13
54 73 28
29 17 22
88 86 10
69 53 11
67 16 13
80 3 18
59 84 13
89 35 3
60 24 20
37 78 5
64 4 25
39 86 23
26 84 6
68 63 26
51 3 24
9 83 19
76 14 26
8 65 19
61 35 21
25 72 4
34 8 3
25 9 2
86 36 26
15 66 13
87 27 20
86 36 28
50 23 0
46 31 17
1 54 29
70 42 16
0 76 22
24 63 11
44 60 5
20 75 14
60 35 15
65 31 21
25 81 18
89 89 20
38 52 28
36 32 1
17 32 6
58 18 5
70 24 18
29 45 20
16 15 7
30 43 1
43 68 21
79 68 0
70 68 13
26 15 24
23 84 30
59 14 5
68 46 13
47 75 18
25 53 0
77 84 7
83 37 7
81 79 28
39 59 27
50 47 28
55 33 17
54 2 18
72 32 7
25 41 22
74 66 11
11 15 22
81 9 14
40 52 29
28 53 27
47 13 7
81 30 29
33 85 5
37 67 2
50 54 5
10 1 1
23 12 1
83 4 1
52 6 25
62 86 7
41 44 24
30 87 5
0 31 9
24 30 12
42 42 24
11 52 3
47 38 9
8 83 15
82 7 29
28 69 19
65 72 11
40 13 0
46 13 0
46 0 0
76 4 3
33 16 2
42 63 4
12 33 2
0 77 10
84 15 24
75 80 6
71 83 28
65 39 22
0 85 27
18 34 8
78 29 4
62 71 13
47 46 5
24 46 12
9 3 26
24 40 21
22 21 22
33 87 1
20 49 28
58 67 23
11 17 9
32 80 18
26 37 0
67 61 28
43 32 8
86 57 20
30 41 13
56 75 15
84 57 28
17 25 18
36 89 19
84 31 30
23 20 25
9 49 6
3 3 16
52 51 14
89 81 2
19 10 15
89 56 7
66 35 8
72 71 25
6 27 27
20 50 28
33 21 2
70 76 20
11 38 15
9 89 8
48 71 20
35 70 20
78 46 7
19 80 0
11 87 8
87 17 18
2 13 28
19 45 6
39 18 22
73 27 28
60 75 10
19 72 10
34 61 27
46 42 16
39 54 24
59 13 17
1 15 21
55 87 11
6 88 3
47 33 7
49 3 30
71 74 16
86 70 11
58 26 17
20 65 29
69 86 11
59 50 20
63 67 28
35 35 22
64 82 14
81 42 12
46 75 1
84 71 5
54 39 27
67 21 5
6 52 7
48 22 20
30 47 12
46 82 17
23 18 26
34 10 4
10 18 22
60 64 28
53 29 22
73 58 12
68 65 28
73 75 22
39 15 12
34 24 13
12 47 26
87 81 26
24 1 12
88 24 29
6 77 27
15 60 23
7 0 14
0 74 13
67 75 4
1 19 19
18 83 14
15 81 4
22 15 28
9 66 26
61 34 30
14 11 9
26 18 22
26 71 20
12 48 17
14 50 29
1 30 8
36 45 8
25 67 6
15 38 19
81 10 15
44 76 16
30 64 0
17 1 27
39 13 24
47 79 2
35 81 7
17 27 30
80 14 6
31 29 8
9 72 0
22 79 11
7 19 2
11 88 15
86 38 3
82 47 30
89 82 19
75 62 19
29 52 28
51 45 14
21 55 3
53 39 22
33 46 16
26 20 11
34 68 22
4 60 7
15 60 24
17 7 14
8 36 20
14 87 14
12 70 13
44 33 1
65 67 28
15 55 27
16 52 25
55 56 15
51 33 29
2 12 11
14 72 24
41 49 10
76 23 6
37 67 18
38 42 19
47 19 11
24 88 10
31 53 17
61 15 29
61 69 5
30 45 23
88 87 17
15 35 2
12 34 10
5 72 1
27 29 22
15 15 19
16 9 14
36 70 15
88 4 14
63 86 23
72 46 1
40 61 24
69 36 7
37 41 18
61 69 19
52 46 4
4 62 0
9 60 18
43 59 24
4 84 29
10 66 28
28 16 25
80 47 30
77 46 28
57 17 2
80 31 28
28 87 19
38 58 25
80 11 12
36 15 15
2 78 24
53 16 25
38 6 20
20 84 17
82 13 15
47 55 7
6 83 10
80 83 5
86 73 9
9 71 1
68 74 8
65 89 29
78 89 23
48 20 29
26 64 4
21 22 25
9 80 3
33 32 2
78 28 3
44 89 3
25 67 26
85 4 9
32 82 6
76 2 19
76 28 8
51 11 11
81 21 19
15 16 23
84 4 17
46 48 9
42 74 14
22 31 23
54 63 30
85 12 24
8 50 22
85 64 2
57 55 8
19 32 13
65 26 25
88 73 18
73 77 25
87 10 22
15 26 7
26 21 4
2 81 7
44 76 21
21 5 5
20 76 28
35 52 26
54 12 2
46 47 21
74 6 13
43 22 19
38 10 12
6 12 9
25 18 20
70 40 25
81 60 6
34 5 23
65 21 25
80 30 22
44 14 24
18 58 26
70 6 23
15 12 8
41 0 3
15 70 8
85 61 2
14 57 25
46 33 12
53 23 5
18 67 2
79 47 22
72 27 14
37 4 8
67 45 12
64 60 12
62 18 19
83 84 24
18 2 22
27 56 19
66 74 30
82 63 8
65 7 30
55 6 15
71 74 1
87 10 13
83 72 9
51 65 25
39 46 24
59 73 30
65 12 30
47 4 19
39 69 21
19 86 29
4 29 15
33 26 16
85 20 7
65 33 25
39 72 26
16 4 24
10 69 25
41 78 27
6 79 24
69 9 27
48 65 15
25 8 27
50 4 13
19 31 25
16 71 22
59 49 24
48 21 23
10 62 15
67 69 5
27 10 23
73 58 22
21 45 2
34 5 6
80 24 10
18 3 7
81 62 23
57 72 23
13 45 3
9 74 15
84 11 18
79 46 8
10 68 0
2 12 8
88 2 11
78 73 0
48 64 1
68 31 5
71 6 7
8 15 2
67 10 12
45 51 4
44 23 23
87 26 1
46 76 14
81 64 24
29 75 21
1 15 27
46 86 7
8 56 3
44 85 18
1 41 13
57 85 11
38 82 9
46 38 15
56 81 6
11 20 21
30 74 20
80 82 24
9 1 3
44 45 5
88 9 14
18 66 6
61 66 8
40 22 1
57 40 25
49 51 18
26 43 11
70 34 7
20 43 14
79 49 30
43 10 4
10 28 3
62 89 19
16 1 20
61 58 18
8 18 10
79 6 9
82 77 13
77 7 29
36 48 26
2 53 22
67 63 28
70 35 26
11 52 21
65 75 29
32 45 22
12 34 23
35 26 20
55 66 4
28 12 8
12 14 10
7 43 20
29 23 11
51 86 23
35 24 26
78 18 12
49 30 1
27 27 2
43 82 23
29 72 13
26 47 4
24 54 27
47 83 23
68 6 11
51 4 8
72 82 5
48 42 8
58 31 27
57 36 8
84 28 13
33 54 5
48 40 3
16 49 8
7 28 11
47 41 3
20 23 11
64 71 25
47 2 6
20 59 4
76 16 22
38 49 3
85 60 19
20 76 28
76 46 7
63 55 12
2 37 2
76 11 26
63 59 18
82 79 11
61 27 27
16 65 19
39 22 19
12 42 21
86 29 14
9 54 11
25 19 19
26 57 11
47 30 28
32 74 0
39 45 29
23 23 4
57 62 19
61 36 17
14 33 3
12 4 17
66 81 3
29 17 30
41 27 29
75 21 5
60 22 28
20 46 19
8 13 16
19 37 5
72 13 12
26 25 13
34 53 20
24 82 1
70 86 14
57 33 9
81 3 1
22 75 12
76 46 3
27 65 19
53 9 21
35 35 22
22 31 3
89 17 12
46 88 28
82 17 18
50 60 11
2 44 1
0 83 26
63 20 8
74 35 26
59 71 17
70 3 30
7 54 5
26 63 1
3 55 16
65 67 23
40 31 21
0 31 24
59 5 21
2 41 13
7 10 15
46 43 6
41 12 8
54 38 21
64 3 26
16 30 0
81 70 8
10 32 29
22 1 2
16 4 8
46 63 7
57 19 20
33 61 16
64 25 7
29 51 21
12 30 14
63 21 26
17 31 25
2 15 6
45 31 9
38 78 28
4 45 18
65 41 6
86 67 28
69 6 22
55 71 1
33 6 22
29 23 7
20 77 13
64 32 28
22 71 2
43 37 16
83 13 7
19 61 19
31 41 7
57 6 29
23 2 21
62 83 20
42 13 23
89 77 2
78 61 25
54 14 8
38 60 28
63 79 10
65 72 22
36 40 21
39 63 20
49 36 12
81 40 22
25 2 23
40 80 26
49 6 26
44 45 10
14 18 13
46 46 2
80 82 27
31 83 25
36 42 19
73 86 16
47 21 22
8 23 8
31 73 3
31 79 22
38 56 14
49 12 24
80 54 29
23 86 25
81 32 6
86 67 16
3 24 20
12 33 18
63 26 3
30 57 10
43 58 10
36 17 11
75 59 5
16 44 10
54 35 15
83 83 3
70 86 21
41 60 3
73 33 6
50 26 20
16 69 26
39 67 6
35 52 22
48 30 8
57 84 17
61 78 7
4 20 23
61 61 25
24 6 19
65 18 7
35 35 10
26 36 11
33 33 1
62 82 5
6 11 21
76 34 21
50 38 23
72 62 11
26 86 7
14 23 8
28 20 26
35 46 11
57 42 2
3 14 5
69 72 30
40 59 30
50 71 4
43 15 8
8 41 12
69 56 20
20 46 22
7 44 8
81 63 19
61 67 13
33 8 30
69 10 22
49 23 30
67 66 13
58 36 25
58 67 26
82 88 23
36 57 21
50 48 0
17 20 22
87 15 30
12 84 15
48 43 29
13 73 0
45 41 0
29 9 9
30 53 30
40 89 30
4 12 18
32 29 24
88 78 24
63 53 14
49 11 22
19 77 22
18 32 21
54 23 0
29 54 12
2 56 13
32 61 13
72 55 27
43 53 9
29 27 13
61 38 3
47 19 6
68 38 2
2 54 17
36 83 15
33 47 19
43 79 14
66 61 1
27 66 29
29 57 9
84 29 14
23 38 10
38 69 25
86 71 0
68 17 2
27 12 1
43 18 25
30 84 30
34 73 9
2 65 17
48 21 4
81 44 23
5 83 2
19 41 20
87 71 19
58 9 7
38 52 30
59 83 4
51 79 21
34 81 23
23 40 23
2 83 24
34 50 0
83 69 15
38 66 24
10 86 10
46 86 19
11 55 6
73 68 1
67 13 30
88 36 13
41 0 20
0 87 1
42 80 8
87 80 12
62 0 11
8 47 4
7 20 14
12 3 12
45 33 4
32 83 6
20 34 22
2 34 14
85 38 13
58 36 7
58 60 15
3 69 14
85 38 4
5 50 16
31 58 10
32 0 9
31 20 0
30 74 9
79 32 3
28 0 26
19 58 11
11 23 25
12 71 26
33 76 22
72 69 9
15 63 23
42 4 10
66 34 20
34 23 25
2 13 2
59 33 22
34 44 4
40 57 10
46 52 27
64 86 30
51 12 25
89 16 16
20 82 24
26 78 0
63 81 21
63 50 27
31 46 6
74 48 0
9 4 15
71 30 29
75 43 27
89 43 10
70 63 12
85 51 9
47 77 1
23 50 15
32 43 0
48 79 10
30 50 9
27 32 17
21 69 16
78 68 24
62 10 20
1 5 26
56 15 2
26 38 11
46 33 15
22 81 12
8 73 18
88 63 24
70 46 30
58 34 30
89 59 7
56 22 14
36 40 20
41 66 17
20 22 25
80 6 22
1 14 6
25 64 24
81 6 10
26 65 21
40 64 4
26 82 3
69 28 25
38 69 9
7 89 30
9 41 26
16 5 9
6 30 13
60 22 28
31 48 7
37 50 5
64 38 6
75 70 11
74 18 16
11 77 3
60 48 14
77 64 3
70 70 15
37 2 13
63 86 27
11 33 25
76 60 12
44 45 0
40 30 9
29 3 25
18 64 9
11 13 12
60 46 12
50 83 30
24 56 16
9 30 22
6 16 16
3 22 3
71 24 11
66 54 10
11 72 4
41 45 13
60 16 18
59 66 30
22 53 14
72 24 10
27 82 19
4 85 17
26 66 15
41 5 28
59 16 26
13 19 27
70 79 0
46 10 20
15 85 8
2 67 24
72 56 29
68 60 3
86 86 7
39 89 21
8 58 6
12 71 30
9 14 15
74 60 2
25 75 20
82 39 24
34 21 3
17 89 4
9 48 30
67 87 30
41 58 12
82 70 9
53 41 4
66 25 12
89 12 3
55 56 22
12 1 15
77 70 3
22 79 1
15 18 24
8 59 4
22 14 1
69 67 7
40 43 20
71 42 0
49 59 15
28 33 30
29 20 7
82 42 13
2 20 24
62 80 1
0 64 5
60 43 10
71 83 27
69 26 25
28 75 24
57 66 15
87 57 30
7 49 11
58 14 21
37 38 26
38 39 4
53 61 26
8 43 3
58 22 5
60 12 8
46 31 28
66 28 22
16 35 19
60 3 20
87 3 18
14 3 16
5 57 9
40 27 7
31 85 28
48 17 7
12 64 23
43 40 9
3 18 5
12 78 20
88 37 18
22 51 0
47 57 30
5 7 26
7 38 11
83 48 12
43 61 21
35 14 18
18 69 4
74 81 20
57 41 24
44 25 11
86 34 13
5 40 23
3 47 17
86 2 23
6 7 24
43 5 13
81 23 12
86 59 8
3 26 22
85 32 8
1 80 13
64 85 13
45 50 17
26 46 22
55 53 1
56 58 11
32 49 29
40 7 25
39 10 21
41 58 6
31 21 3
56 86 19
30 41 10
14 29 20
51 84 2
6 12 1
18 45 6
53 47 23
57 86 4
50 89 6
37 31 9
14 87 23
39 27 8
25 3 12
57 17 27
14 75 15
29 56 19
55 19 19
51 77 27
58 89 26
84 36 29
42 12 12
48 52 22
5 77 13
43 44 3
24 20 26
69 49 30
31 66 11
40 28 24
7 48 30
63 4 0
23 9 2
69 57 19
67 25 2
69 68 29
87 54 7
53 33 1
75 26 17
79 66 13
69 35 24
21 61 28
8 46 0
60 77 25
74 55 15
37 34 17
6 31 22
85 47 14
85 84 10
24 73 29
42 15 1
19 36 18
52 6 10
42 67 25
51 13 20
86 13 7
61 19 18
38 67 20
11 24 8
63 48 27
53 53 4
78 72 4
37 34 24
41 38 1
33 89 16
42 47 10
33 18 8
70 19 16
63 82 6
51 55 24
75 18 18
23 59 17
8 6 12
51 9 3
33 43 17
80 85 3
89 81 9
41 61 28
22 86 10
27 48 24
81 85 8
22 18 24
73 78 25
82 1 23
39 34 11
48 77 9
66 38 21
12 79 4
68 63 7
78 0 6
53 44 28
9 66 16
76 50 0
59 4 8
14 6 4
63 54 6
18 82 22
68 4 27
89 34 6
17 22 26
6 76 15
29 47 20
32 34 30
23 55 24
68 31 2
20 5 11
48 75 21
63 54 14
80 15 16
71 32 2
62 39 0
7 30 18
18 62 13
42 47 10
32 78 1
28 8 27
40 56 4
44 81 12
52 34 26
57 15 19
47 39 30
22 46 25
7 26 16
26 68 4
25 62 27
55 0 26
14 40 3
48 84 15
47 9 22
23 28 29
83 75 0
3 8 8
4 15 13
30 4 14
65 81 2
36 8 10
67 22 12
64 70 2
15 79 22
0 64 26
0 58 16
1 23 20
10 79 25
84 71 12
60 46 22
46 82 21
85 21 9
37 86 16
73 63 22
80 64 24
77 26 5
60 28 29
51 38 22
72 84 4
6 16 6
74 25 24
59 20 20
29 19 30
31 2 3
22 44 22
40 32 19
26 2 30
87 54 26
48 88 19
80 4 25
30 40 12
63 62 19
28 1 29
40 84 9
64 68 16
24 19 11
11 7 6
77 5 24
54 15 26
78 57 23
66 87 5
41 23 22
88 51 23
13 1 22
45 28 9
69 14 5
87 77 17
17 65 11
54 81 5
88 69 7
51 7 20
55 10 7
30 9 20
59 74 23
81 29 22
82 8 4
64 57 16
16 75 1
62 1 8
34 51 26
24 13 20
12 68 27
23 8 6
47 67 15
35 21 0
88 65 8
28 2 15
8 18 0
0 80 18
88 76 30
66 11 29
51 75 21
8 61 24
65 18 3
54 15 10
34 66 19
75 56 9
46 64 24
1 65 16
10 25 16
70 1 0
15 14 21
80 23 21
63 88 18
38 14 6
34 10 4
6 48 14
31 4 23
75 5 29
19 67 7
1 47 20
47 24 18
26 14 1
28 40 4
10 78 11
46 75 17
20 81 29
51 22 3
56 7 28
36 78 0
3 42 9
24 89 20
60 77 25
80 67 15
61 77 22
17 86 24
36 16 8
13 29 14
84 85 8
85 83 29
11 49 2
36 73 20
86 5 9
61 48 21
37 71 11
54 50 11
4 87 27
49 62 11
27 19 13
64 14 29
51 25 7
81 23 25
33 20 10
63 43 26
69 42 12
25 7 12
67 63 9
88 75 3
10 12 25
55 76 11
56 37 21
68 80 2
64 24 4
27 87 21
0 28 7
44 54 10
10 83 23
26 43 24
52 53 27
59 19 5
80 37 19
36 68 8
67 42 23
29 31 9
85 83 21
56 89 5
86 9 30
0 35 5
78 49 30
41 18 25
79 8 19
27 44 18
18 74 15
70 65 22
82 22 30
84 79 20
50 75 2
9 37 20
12 78 7
31 29 25
30 70 17
67 60 4
44 78 16
63 58 29
23 12 0
28 6 28
32 56 30
46 28 28
57 2 15
27 33 16
68 26 8
28 55 7
32 10 22
34 73 12
49 59 19
48 49 0
89 82 22
25 0 21
50 57 0
64 46 20
16 25 12
1 53 24
84 47 11
27 81 23
81 2 13
57 12 13
1 11 9
16 36 5
7 87 17
53 23 24
42 39 15
19 41 8
51 87 5
4 25 22
82 68 26
1 35 11
7 88 11
58 67 21
70 74 5
50 37 9
38 41 17
13 22 5
3 36 11
40 2 23
30 84 22
74 85 25
40 54 2
18 74 5
85 55 24
20 67 26
69 67 29
67 42 14
68 45 4
66 85 7
14 77 17
29 23 16
80 63 11
1 44 15
41 1 1
65 21 18
89 0 22
65 29 30
77 7 17
73 36 17
85 12 23
1 41 26
54 31 6
71 84 6
35 35 16
16 63 7
26 62 18
65 37 6
4 76 3
40 21 24
71 16 24
51 17 30
2 71 0
31 53 2
13 50 4
87 29 1
16 17 17
35 83 16
84 49 14
65 0 11
29 33 16
20 85 13
0 49 18
63 80 8
83 4 29
49 53 23
39 31 4
40 66 24
3 23 16
42 88 2
50 79 26
37 9 15
42 9 28
28 35 9
67 28 23
28 39 25
71 79 22
79 81 30
42 84 27
54 36 12
29 49 12
37 48 15
40 0 26
2 28 7
7 57 26
68 86 23
2 29 27
19 70 26
13 22 3
29 38 3
6 29 2
24 66 18
51 16 30
50 71 23
84 78 5
19 57 5
83 21 15
46 41 6
0 54 0
53 45 14
1 13 18
11 89 7
18 51 23
78 63 5
38 20 20
3 39 28
17 84 23
21 40 26
6 2 3
64 56 13
71 19 7
70 82 26
45 11 22
36 51 21
61 89 29
74 54 8
16 33 12
31 17 4
88 23 11
18 87 4
8 69 16
50 11 18
53 56 27
69 54 11
58 25 20
16 61 0
26 39 13
31 71 16
37 69 13
46 49 1
73 58 28
81 70 12
44 85 26
17 64 27
42 32 20
79 10 25
81 37 8
27 30 20
79 67 26
27 24 27
62 59 6
38 13 1
25 57 3
30 74 3
37 78 19
32 68 19
51 21 9
19 48 1
20 0 29
0 27 8
43 51 6
55 89 5
46 76 25
85 16 3
7 53 5
52 48 24
18 61 27
34 80 26
29 10 4
53 62 9
11 15 7
80 70 24
73 79 12
46 74 26
42 81 30
41 44 12
17 24 29
15 58 23
24 49 14
32 12 28
30 23 26
78 66 20
36 11 6
31 57 17
81 10 27
18 13 23
3 30 20
11 8 1
9 84 22
31 26 25
63 18 12
34 7 22
76 43 27
17 36 22
32 27 7
39 7 19
51 62 18
88 35 1
55 6 25
33 37 0
62 10 27
77 7 20
29 83 1
31 11 14
52 43 20
83 82 18
89 6 20
35 56 22
4 73 14
4 16 10
45 79 9
53 28 2
29 57 7
11 50 0
67 12 27
74 57 22
89 56 7
39 54 1
24 58 1
15 24 2
44 70 26
46 33 23
54 24 18
56 35 0
69 64 28
36 49 8
9 10 27
26 49 3
61 35 4
79 51 20
75 57 19
61 13 30
36 30 10
31 86 19
39 28 7
59 26 28
46 35 1
0 61 14
60 84 17
50 35 28
65 20 26
59 43 15
49 42 30
25 73 14
36 74 28
22 43 9
19 0 8
27 52 30
46 75 12
10 35 19
78 62 20
75 84 8
85 43 9
88 30 6
49 66 1
38 89 18
53 18 3
65 7 16
10 53 26
39 64 4
65 14 1
59 89 6
21 46 19
63 44 15
51 3 11
75 3 19
0 56 30
68 83 15
60 3 17
75 4 23
49 69 0
86 1 1
27 22 12
63 48 30
39 9 5
82 84 29
85 46 14
69 76 30
61 46 12
16 83 5
87 43 24
44 1 25
0 29 20
54 54 11
25 4 11
52 48 15
82 43 10
40 23 3
82 46 4
0 62 12
64 21 26
55 65 18
62 27 24
1 43 1
78 31 23
36 83 7
78 37 1
0 77 5
89 70 1
45 32 6
84 6 10
0 23 11
45 85 12
82 86 20
83 74 4
50 72 30
65 22 30
33 23 16
77 22 21
76 29 26
10 75 1
54 75 4
74 31 24
82 75 21
44 30 4
37 80 15
75 55 3
60 50 11
33 37 7
37 76 27
74 48 19
78 12 11
68 48 19
54 41 7
88 47 5
68 47 3
31 32 8
69 3 22
77 36 18
32 35 26
55 19 23
77 60 16
32 0 15
33 16 5
18 14 0
34 45 7
39 38 23
62 17 13
45 57 28
27 89 22
48 16 26
26 3 6
69 88 28
71 31 24
23 11 15
37 45 6
46 47 8
50 19 28
56 26 14
61 15 2
11 63 17
32 52 18
24 31 12
68 12 22
0 88 19
37 35 5
29 44 18
74 4 2
46 60 12
75 83 30
65 4 21
72 89 8
45 75 3
15 15 24
69 15 10
44 53 25
64 44 13
4 28 27
52 36 16
89 21 8
51 49 27
38 83 2
40 38 30
73 16 19
80 47 23
86 53 25
89 27 29
8 83 12
59 46 2
4 45 13
33 58 15
29 58 23
23 8 24
3 43 29
87 86 30
7 82 11
32 43 8
12 51 10
20 72 16
26 76 8
54 72 16
3 11 28
36 86 21
69 89 29
28 49 12
86 56 11
55 51 20
65 63 23
69 45 12
29 33 2
86 50 0
73 53 5
67 51 13
83 30 25
52 20 30
18 16 18
65 33 15
28 9 15
3 78 1
51 70 3
47 28 0
25 12 11
14 41 22
51 34 28
50 48 25
46 66 10
61 42 23
36 32 13
89 87 15
44 48 15
85 5 23
86 82 19
13 58 1
81 20 21
51 70 13
42 79 20
50 50 19
1 48 2
51 47 19
13 54 20
46 11 5
69 60 7
66 73 27
14 26 16
48 77 30
40 30 5
61 80 20
34 81 28
1 4 17
4 69 12
69 77 18
49 56 3
74 32 7
16 8 23
81 56 14
37 59 4
34 30 4
43 27 2
11 28 11
26 84 13
19 63 27
61 23 10
36 7 10
83 75 28
67 67 23
52 66 9
67 63 2
34 16 24
44 27 11
20 15 14
65 34 22
8 58 6
60 4 4
54 87 14
18 26 16
39 78 9
81 17 30
26 51 4
87 57 20
87 77 0
82 53 20
50 23 3
3 83 14
15 9 28
65 28 5
2 29 25
20 73 22
48 9 4
3 6 0
38 4 19
88 48 13
44 8 9
59 63 15
77 40 10
3 16 20
8 70 8
53 0 9
77 11 24
63 14 15
69 14 25
62 64 6
70 71 9
11 40 11
88 27 15
47 83 1
33 53 16
11 68 9
62 55 9
32 81 18
23 60 27
17 32 30
60 12 20
72 75 27
20 36 4
8 83 9
12 78 13
10 0 12
9 62 24
19 57 25
6 80 13
59 7 5
48 29 16
19 12 25
29 84 11
81 2 18
36 66 4
44 76 5
82 86 1
86 67 11
42 35 18
7 56 20
17 15 21
40 86 29
48 25 25
16 69 20
67 15 17
68 60 30
70 14 7
44 62 15
37 15 13
72 74 24
62 1 19
44 41 13
0 51 2
40 67 22
82 6 18
10 75 0
15 55 11
67 61 11
59 60 28
35 42 10
29 66 22
0 73 24
57 73 2
11 76 4
73 68 9
22 41 25
83 56 26
16 85 13
26 55 22
89 52 11
8 43 1
19 43 6
33 62 26
8 73 23
13 56 15
25 40 20
73 33 7
49 12 8
47 38 12
68 38 26
40 8 16
41 27 28
25 60 13
45 69 3
12 44 17
48 69 11
35 15 16
40 26 8
41 35 2
58 13 21
38 16 13
60 57 0
50 45 6
49 52 0
84 64 17
48 23 1
52 20 10
51 61 10
63 12 9
23 70 1
35 18 24
3 41 19
51 1 22
32 12 25
43 59 24
9 17 0
7 31 4
19 82 13
20 17 3
56 2 13
67 37 11
5 3 10
52 16 10
16 48 18
32 54 9
74 63 27
12 32 23
60 52 10
79 34 28
72 0 15
45 67 25
51 72 5
8 86 21
18 12 12
41 44 9
84 29 0
55 41 8
56 11 20
64 52 9
0 34 15
28 41 9
55 3 16
48 63 22
5 82 14
24 85 23
8 79 6
17 44 22
58 63 15
24 89 29
23 89 3
23 79 8
52 7 29
25 55 10
85 60 20
68 46 18
5 54 9
23 71 24
44 40 23
76 64 10
70 49 17
60 72 26
1 34 29
88 22 0
58 17 20
20 85 9
29 52 6
27 75 9
32 29 27
62 67 17
2 9 17
83 31 13
25 85 10
13 83 26
17 13 17
82 85 0
65 24 27
12 13 7
31 46 26
14 70 2
61 34 30
68 79 14
19 15 24
56 80 29
64 7 6
13 51 4
85 78 8
82 1 28
27 84 27
53 9 26
56 70 4
69 10 5
76 29 30
39 86 11
86 22 9
55 35 12
72 82 0
74 37 5
0 64 7
24 27 1
81 83 4
82 25 30
72 63 30
78 12 13
35 8 6
52 26 22
83 60 30
50 6 27
70 7 18
84 83 25
70 74 22
74 28 7
50 11 20
56 51 25
20 86 22
58 11 16
3 4 6
31 16 2
5 48 0
6 4 27
33 74 17
16 20 30
76 71 14
19 37 27
27 20 16
57 78 20
61 44 22
49 75 16
43 80 9
45 86 9
2 82 16
85 8 5
17 85 1
12 14 5
6 3 0
11 60 19
26 83 21
46 4 4
5 48 30
65 55 20
39 19 0
11 66 23
42 46 0
16 58 15
80 27 28
35 38 1
31 64 10
19 72 26
44 78 23
22 15 27
48 16 7
14 27 5
40 32 25
24 10 15
22 52 3
75 88 4
61 29 7
3 11 3
39 17 5
85 1 21
58 49 0
88 25 16
18 28 15
33 52 27
68 74 25
2 21 9
12 83 0
48 48 12
67 87 20
36 44 25
20 12 12
72 62 12
62 80 12
45 75 17
77 15 9
34 17 14
78 81 3
24 40 17
71 69 18
8 68 29
36 50 13
75 33 4
50 57 12
53 12 26
18 52 30
19 86 29
42 36 25
57 61 22
31 42 21
53 12 28
82 10 0
32 48 29
45 8 4
10 24 4
50 4 24
16 24 27
0 66 23
27 33 9
56 26 26
64 42 3
51 86 27
88 28 13
30 35 8
81 7 17
54 58 30
42 74 24
39 36 9
21 25 22
26 81 15
36 18 10
58 69 30
52 29 0
5 59 10
18 50 14
55 66 2
58 70 8
86 20 26
89 3 17
88 30 5
76 28 10
67 48 30
55 62 1
33 29 12
8 47 7
29 64 15
70 33 4
58 29 29
44 80 16
17 79 8
72 27 29
17 56 18
69 73 30
22 68 19
86 77 24
20 68 25
21 11 25
2 31 17
55 37 5
21 54 14
70 89 29
18 16 23
15 48 30
74 32 17
72 29 23
80 49 2
63 70 13
40 34 3
9 89 29
58 73 11
20 15 19
47 85 28
54 10 7
45 84 15
15 29 3
75 19 7
62 44 8
74 47 14
27 18 17
17 76 4
76 6 16
81 15 15
65 31 22
59 77 3
34 54 9
89 1 29
14 26 30
10 10 1
40 38 24
83 17 9
20 55 1
23 9 29
22 74 17
84 6 0
50 2 24
7 1 20
35 16 18
56 26 0
86 28 30
6 73 13
2 3 21
56 79 11
87 63 11
60 57 27
71 69 9
61 38 26
0 74 20
55 2 28
82 51 2
58 57 20
65 60 27
75 26 2
57 24 26
75 46 23
9 79 0
35 50 22
62 50 25
68 67 10
61 60 6
45 28 6
12 55 20
34 2 16
46 59 22
83 44 25
87 15 23
33 50 9
18 23 5
76 53 27
9 24 10
31 69 20
73 43 0
32 78 6
32 34 16
56 79 8
88 38 9
20 34 26
2 52 23
86 0 20
58 10 11
0 3 28
22 76 0
9 71 11
89 13 6
10 32 3
27 30 29
22 12 19
16 66 24
46 63 8
78 83 11
58 84 8
69 68 5
34 78 19
77 39 2
26 11 10
54 0 2
83 23 29
55 1 11
42 47 10
29 87 22
78 55 27
2 87 10
41 31 1
23 19 7
19 45 15
8 10 29
80 55 1
75 20 15
8 62 0
4 53 8
83 3 17
29 6 23
43 47 24
45 33 30
48 14 18
24 22 17
0 65 24
52 12 29
52 20 21
24 24 8
32 17 1
57 46 5
41 89 29
56 6 23
1 16 24
43 40 10
57 3 7
36 55 18
87 69 21
73 4 26
23 88 22
14 55 9
63 58 20
31 24 29
33 77 8
48 30 3
48 49 11
75 85 3
62 45 25
69 28 12
62 51 5
73 27 19
2 52 15
20 46 14
7 41 16
11 51 8
17 62 1
26 47 21
52 20 1
19 51 26
43 76 7
12 59 5
51 23 27
57 43 8
88 13 1
17 24 30
66 41 11
36 29 11
54 43 20
27 62 22
81 15 15
58 80 19
62 3 12
81 60 13
56 59 19
34 38 4
64 66 4
65 12 24
24 29 9
55 56 11
48 9 13
26 67 17
26 40 12
48 83 9
38 12 25
79 46 14
16 72 13
46 48 22
15 34 30
79 0 5
78 10 4
2 88 3
58 24 5
79 35 8
70 73 17
83 25 0
5 41 20
32 50 21
85 27 14
25 17 22
35 5 30
55 59 27
53 79 29
14 68 21
7 10 12
12 55 20
78 61 22
74 55 15
80 50 27
44 37 0
47 72 8
73 38 2
46 53 26
6 67 3
52 37 29
82 49 11
61 37 20
82 73 10
62 25 30
70 70 19
19 79 11
63 62 9
38 19 16
54 77 9
48 39 22
53 84 10
75 55 6
68 47 28
78 72 2
48 14 7
17 34 29
6 59 9
48 60 2
52 24 8
86 73 14
67 88 0
8 73 19
0 13 27
65 53 9
66 63 21
9 80 0
31 48 18
78 6 10
15 21 0
68 17 23
84 85 15
4 55 14
31 17 9
68 82 8
35 21 10
69 82 3
46 24 30
45 64 2
14 79 30
8 19 30
88 13 23
25 69 14
48 11 9
47 79 7
60 77 5
47 56 12
75 64 23
24 20 17
32 34 25
60 4 22
68 3 24
33 80 27
15 38 22
14 47 30
6 18 30
32 27 12
89 12 8
42 89 0
59 31 0
28 1 6
16 70 9
69 65 23
12 81 29
18 5 7
66 63 22
10 6 25
25 5 17
52 10 29
61 31 30
66 59 20
24 37 26
75 17 9
78 81 11
30 10 14
81 38 20
60 48 3
28 35 10
8 87 28
40 20 12
50 87 18
24 73 6
30 21 29
12 9 21
74 1 3
14 82 4
18 14 21
27 4 6
42 65 25
29 15 20
48 27 17
36 52 24
23 44 18
80 18 20
0 3 29
20 69 19
40 87 10
18 25 29
84 29 28
58 21 6
52 69 20
57 67 0
83 52 1
3 4 27
22 4 29
42 24 21
69 64 18
21 45 27
67 39 27
88 7 8
86 21 18
73 40 7
23 34 14
17 89 2
81 21 25
21 25 22
30 5 26
36 26 29
30 55 2
15 15 2
21 11 18
58 46 3
34 69 12
62 48 1
5 2 19
43 23 5
29 53 4
79 51 0
47 43 18
54 20 24
82 3 22
42 61 30
43 57 23
39 30 27
87 35 5
65 40 21
31 69 28
2 21 14
51 68 7
65 84 1
42 76 2
44 29 28
3 34 22
83 35 29
31 32 18
72 60 15
7 1 9
86 4 27
88 17 4
5 83 0
33 87 21
13 4 20
68 59 2
38 52 9
1 83 8
51 27 22
51 35 21
31 83 10
84 43 18
25 48 29
50 82 7
24 57 0
26 35 8
25 35 21
59 88 6
35 11 26
34 63 12
86 56 18
52 13 0
87 38 23
26 51 27
52 37 14
44 63 8
5 50 1
18 19 19
76 55 20
72 51 14
65 47 10
51 61 5
80 58 30
30 46 22
23 8 3
36 14 22
45 19 21
0 37 5
58 24 13
75 58 5
79 34 29
49 85 4
85 38 7
31 30 6
28 53 8
24 51 11
83 7 23
13 59 1
53 27 11
19 64 19
89 53 3
77 65 10
75 22 12
3 53 30
29 43 30
64 67 25
24 60 21
55 36 21
33 89 8
36 70 6
59 31 23
64 19 9
78 56 29
79 21 22
71 50 4
27 77 13
87 11 6
63 28 3
61 61 12
87 7 15
87 28 13
64 2 5
17 43 27
43 32 22
85 13 25
41 3 16
65 0 4
21 63 12
13 35 9
56 32 3
79 81 15
58 17 13
56 86 9
72 40 13
19 87 25
69 0 12
53 65 29
63 86 2
48 9 15
57 65 14
36 17 3
43 75 6
52 4 29
67 38 10
75 58 0
7 37 4
32 52 1
19 77 28
70 88 22
79 55 1
31 53 6
25 6 17
37 21 9
8 50 7
18 35 3
78 43 17
48 37 3
45 57 29
77 89 11
43 78 18
22 71 22
70 59 7
65 6 13
27 66 20
27 85 7
47 73 2
14 83 13
47 38 6
68 78 16
35 31 24
72 15 14
72 85 20
40 22 17
82 49 0
83 76 16
30 33 30
20 9 17
10 19 8
56 87 26
64 85 5
60 29 4
89 63 27
88 13 29
55 57 17
88 51 29
79 81 6
52 64 23
19 74 23
76 2 2
83 28 28
69 50 29
32 50 25
80 10 21
22 27 1
14 25 11
45 14 0
33 29 27
30 10 16
47 48 30
23 41 24
84 72 22
84 14 4
19 56 22
57 40 25
25 17 19
44 24 16
55 57 14
53 87 2
74 44 15
21 29 15
34 23 9
60 69 28
46 88 6
4 56 1
79 81 2
52 88 5
39 15 14
69 68 26
57 14 28
55 35 24
4 70 7
77 2 10
36 49 23
51 15 5
68 5 19
65 57 13
33 58 17
73 37 27
58 56 28
11 21 15
84 77 16
1 64 20
39 10 30
23 23 2
78 53 24
34 28 24
78 24 12
9 7 6
8 27 2
60 38 19
20 85 6
63 86 1
57 87 1
62 20 10
83 8 1
18 4 2
63 44 20
75 53 9
87 62 20
64 84 22
63 66 5
10 40 6
74 7 4
57 70 20
26 63 30
10 43 20
22 16 3
21 2 23
78 51 18
35 25 12
30 50 17
72 23 24
20 7 18
17 26 30
34 52 26
22 24 1
67 47 10
66 30 0
28 70 7
53 15 6
34 45 12
81 27 30
41 9 2
8 26 18
7 23 28
69 7 0
46 74 29
40 12 11
88 41 18
7 56 3
4 52 25
51 5 19
45 46 24
84 54 13
21 23 2
63 2 25
40 11 6
63 51 8
79 50 22
37 19 7
10 23 2
81 36 24
52 81 4
32 37 22
0 21 15
44 84 5
43 34 26
78 60 24
74 11 25
35 10 7
0 20 5
69 64 0
54 78 20
85 72 3
42 34 0
23 78 4
59 31 14
15 20 30
75 56 28
57 2 28
59 54 1
84 34 0
17 88 14
84 45 3
9 87 9
44 73 5
36 42 12
77 19 9
35 57 0
19 76 4
12 45 30
26 1 17
28 71 16
56 65 0
28 74 27
73 81 14
68 79 29
4 66 5
13 64 27
26 83 27
3 5 9
34 84 7
62 22 22
49 41 10
82 69 5
74 14 6
49 44 17
28 11 25
78 24 22
6 50 8
10 15 9
21 11 27
34 35 27
80 47 24
50 39 17
18 75 17
29 86 27
29 24 28
58 12 29
61 18 28
19 80 0
35 12 3
6 8 24
0 89 15
87 11 7
26 29 27
69 20 23
66 49 22
75 18 1
69 79 13
24 61 27
45 58 16
78 64 18
57 27 27
82 24 18
71 50 25
44 29 23
52 58 28
7 43 4
65 74 0
52 8 25
81 54 28
84 42 4
5 61 6
16 54 0
89 87 30
64 41 20
58 55 28
12 63 22
36 38 30
12 52 17
48 43 14
53 37 22
84 5 4
52 73 6
6 72 4
63 8 24
22 67 22
38 41 26
60 40 2
66 52 20
80 10 20
21 25 10
56 19 10
10 33 18
71 40 20
0 65 3
61 87 27
88 36 21
87 58 21
87 34 26
12 76 30
18 59 28
75 25 26
10 88 26
55 31 29
83 31 1
82 55 24
19 53 30
88 12 13
69 62 1
50 74 13
4 54 28
73 1 8
33 11 15
79 67 28
75 22 17
47 66 5
68 48 13
35 8 7
22 78 15
43 0 30
12 4 6
41 39 12
58 35 30
34 24 16
80 10 17
29 19 8
33 87 14
52 84 23
45 68 28
11 21 20
12 85 29
68 89 19
35 19 18
13 53 17
21 5 15
13 34 14
19 29 3
36 43 12
61 51 23
36 62 4
11 36 30
81 14 2
63 49 23
41 25 12
44 8 29
71 21 29
65 2 17
70 0 4
69 23 29
46 59 13
6 71 17
14 24 14
72 49 18
60 1 24
11 7 17
19 79 16
62 16 24
7 87 23
85 28 9
86 37 4
21 43 30
30 19 23
68 2 30
14 62 7
88 35 4
81 54 0
56 79 11
86 86 6
27 43 30
81 1 10
28 22 12
47 14 4
52 83 18
16 59 14
72 19 4
45 10 13
59 29 9
51 25 9
41 14 17
21 5 25
76 86 17
8 43 11
50 57 16
18 73 20
48 55 16
23 62 21
67 83 19
9 45 30
0 48 19
85 69 22
82 17 14
24 77 23
71 0 8
21 18 2
82 67 9
35 52 0
88 29 8
42 1 11
73 1 17
29 48 21
81 2 2
0 27 4
15 8 26
86 82 28
51 36 23
34 71 11
79 31 8
79 35 19
35 19 28
0 48 14
87 1 5
62 2 18
63 17 29
26 65 24
60 27 21
70 23 5
43 64 28
46 53 14
11 50 23
30 13 8
59 62 26
38 34 24
7 60 26
74 48 9
5 18 5
62 89 23
11 42 30
44 50 2
60 24 11
57 16 14
64 75 28
73 23 23
84 82 4
36 66 26
2 33 26
46 58 22
76 69 29
79 75 22
46 7 17
26 26 14
70 1 25
87 74 24
48 31 27
69 67 30
48 69 26
8 78 4
57 26 29
21 15 7
35 24 8
73 12 28
37 82 10
76 41 7
10 89 15
27 30 25
73 79 18
62 49 26
71 69 10
21 0 3
47 35 2
81 18 19
51 55 4
74 3 18
81 13 18
82 3 12
60 76 23
69 10 15
29 81 7
14 12 1
15 22 15
2 13 2
1 64 11
45 48 30
78 1 26
72 45 17
59 15 7
35 47 18
23 76 21
79 0 14
46 68 3
9 32 27
81 34 19
79 41 20
81 29 5
58 63 19
38 33 27
56 30 9
84 53 27
13 5 25
58 51 7
74 22 6
64 13 5
81 55 9
55 8 3
83 66 5
29 66 28
80 84 2
88 78 30
82 53 30
0 21 1
77 57 21
58 32 27
73 23 30
1 40 0
10 86 21
82 25 17
60 15 26
68 13 2
53 57 26
82 57 18
85 6 13
21 64 5
23 9 13
79 62 27
54 72 16
56 65 4
87 35 14
73 65 22
86 80 26
23 34 16
34 30 1
51 51 16
23 74 6
19 26 3
17 80 16
11 8 14
30 57 28
26 3 27
87 89 10
25 74 7
72 19 16
36 32 29
27 55 7
79 74 10
13 53 10
72 64 28
16 56 17
9 44 4
67 41 21
26 28 30
71 11 21
56 47 3
54 36 11
37 25 30
60 1 19
73 35 29
5 14 29
8 23 0
14 1 30
19 79 13
22 60 27
83 78 15
47 42 17
67 42 14
34 12 2
54 86 30
10 53 16
75 61 23
5 37 11
28 18 24
79 40 3
52 33 28
72 81 2
0 20 24
6 54 11
65 70 3
70 81 25
88 66 5
40 33 3
45 61 7
1 51 20
69 13 1
73 47 10
82 9 27
42 68 24
15 43 14
74 75 26
6 74 27
89 76 16
81 84 23
1 85 25
14 27 21
60 10 26
59 54 22
78 7 26
24 22 5
41 7 19
48 13 22
46 65 8
26 56 16
29 20 6
83 86 13
22 56 1
60 25 2
69 13 9
5 0 0
88 41 4
66 51 19
29 8 16
68 34 27
63 63 27
53 18 6
33 2 23
23 24 28
67 3 13
81 60 3
27 20 8
70 87 26
88 26 19
30 56 4
42 29 0
36 44 1
26 77 28
72 10 14
15 40 8
61 31 9
70 58 14
29 38 17
40 88 7
59 28 19
74 32 11
24 30 15
82 56 16
66 0 13
22 15 9
86 77 12
68 57 18
84 48 2
46 89 12
85 58 2
1 5 28
87 29 20
38 74 17
29 50 9
30 35 22
71 31 7
15 61 29
17 55 4
19 11 19
19 59 29
62 60 6
48 19 14
64 20 16
46 49 13
81 79 16
42 60 2
41 37 9
8 54 19
23 35 21
89 16 16
85 79 27
87 37 2
80 11 15
57 19 19
84 11 0
19 15 25
74 56 13
11 26 13
3 49 23
58 10 28
83 58 29
39 55 21
67 45 24
25 64 21
32 58 22
80 39 17
8 24 11
25 87 2
6 0 23
22 20 0
55 65 23
76 15 4
45 44 21
76 70 24
37 64 26
61 55 12
62 63 14
30 89 9
24 5 14
29 28 19
45 45 9
81 31 10
82 38 24
0 77 1
72 24 24
23 48 28
27 20 5
55 12 0
80 36 24
67 66 8
36 73 6
71 65 22
31 19 13
88 20 29
86 2 4
7 77 17
73 14 25
37 69 5
89 21 19
19 50 29
29 87 0
84 30 16
43 24 21
78 22 0
24 70 10
32 78 11
13 23 17
66 60 9
79 60 25
53 41 21
41 71 11
65 65 4
25 18 7
5 58 15
5 44 28
60 39 7
12 52 7
30 28 8
28 69 5
62 33 24
4 36 8
47 63 27
68 89 7
38 4 23
29 10 9
1 70 0
51 44 11
87 74 7
55 65 19
45 37 5
76 41 25
89 50 13
1 80 19
21 28 27
24 58 11
20 59 6
16 73 25
65 32 20
13 49 1
31 4 23
6 80 12
18 41 10
3 42 17
77 26 15
27 50 16
40 32 15
84 49 22
83 24 9
66 37 17
76 31 18
33 37 2
83 55 9
3 20 2
3 7 20
32 87 20
29 89 15
48 45 2
11 38 24
7 66 22
51 14 18
62 47 13
63 40 0
67 43 25
24 47 10
59 41 15
55 71 20
83 81 28
70 54 30
81 61 17
1 23 19
5 85 28
46 20 19
66 87 6
55 22 1
66 81 21
73 46 19
80 1 10
4 71 17
18 62 17
9 26 27
15 83 3
68 39 9
33 15 20
4 33 10
74 9 24
44 82 24
8 34 23
16 0 25
26 19 19
59 28 29
78 43 11
1 73 7
87 69 18
80 73 6
57 58 11
77 64 15
16 34 11
85 50 21
7 38 13
43 60 6
68 48 18
85 11 17
52 60 17
86 50 28
63 69 15
11 19 30
41 35 29
68 82 21
6 51 25
52 57 20
51 35 7
4 30 14
30 82 23
87 40 19
89 65 12
22 76 25
70 80 18
63 20 12
69 26 1
75 41 2
51 2 11
37 6 11
34 88 4
54 47 12
35 47 6
47 31 28
78 11 30
16 37 23
89 16 26
34 53 20
73 66 11
20 13 19
49 9 28
70 64 22
42 9 30
42 18 4
80 58 1
18 36 22
66 36 24
65 70 1
15 15 2
20 87 1
83 46 15
16 79 0
87 83 11
39 87 23
60 77 3
55 5 27
48 34 13
58 9 24
30 77 1
31 7 12
44 52 10
29 30 29
78 80 15
8 29 9
46 52 4
14 69 1
19 27 18
59 85 23
42 78 2
2 19 28
11 25 27
67 17 26
74 5 17
75 66 26
35 74 29
20 51 25
63 70 6
12 1 24
9 5 22
44 59 29
49 71 18
67 10 28
26 85 1
65 32 9
6 29 9
50 49 5
22 75 21
73 87 10
29 58 27
26 65 7
41 24 24
44 1 28
64 80 12
52 55 23
67 23 8
67 74 0
80 6 1
73 41 25
68 70 1
30 6 26
51 10 0
16 54 13
29 29 28
51 81 29
15 58 15
8 88 10
12 78 11
54 62 22
3 2 3
24 84 11
59 45 6
41 61 10
77 52 19
13 13 1
5 28 28
72 36 15
33 11 25
52 65 22
22 30 10
24 54 18
85 75 19
66 79 5
64 66 6
38 80 30
18 47 7
56 29 7
54 62 1
40 76 17
89 60 20
63 46 8
70 42 6
46 70 16
83 6 16
83 45 4
59 25 4
25 81 4
27 45 10
3 85 4
43 46 6
76 72 19
35 14 22
69 60 21
3 53 25
55 9 22
59 30 13
20 55 26
62 44 10
76 47 26
76 53 27
8 1 27
24 36 11
7 15 29
60 18 23
81 35 0
58 56 16
21 38 20
66 10 15
65 86 2
22 34 28
26 4 21
63 29 18
25 88 25
46 20 27
31 11 7
77 31 0
25 15 10
66 81 8
24 56 4
81 79 4
11 67 8
84 2 6
51 27 18
85 36 5
10 29 20
23 17 22
2 4 26
71 71 25
61 57 30
10 10 0
45 21 25
32 67 8
63 80 20
1 37 27
12 10 19
86 33 26
11 87 2
42 68 26
25 40 19
13 12 14
4 57 6
62 51 16
85 76 29
45 40 4
3 52 2
80 48 28
47 59 18
56 63 12
60 89 19
31 64 13
64 31 27
28 3 3
59 50 13
42 57 10
62 60 0
55 51 30
28 60 0
51 26 0
52 48 19
55 41 25
32 15 19
66 43 24
61 64 16
43 68 15
65 2 13
11 57 0
5 48 0
73 61 13
24 75 3
64 2 16
40 34 8
10 10 12
73 71 13
6 25 9
49 52 1
63 26 25
89 83 12
86 66 13
70 0 7
65 26 13
10 29 13
61 39 30
78 22 10
70 80 23
39 2 17
63 65 24
17 64 8
70 22 3
43 55 5
52 30 2
64 40 17
19 63 11
75 52 4
74 32 13
8 33 21
8 59 11
35 38 12
55 18 28
13 23 7
62 38 13
10 12 2
76 31 15
54 16 28
53 0 26
5 60 16
49 31 2
30 66 3
76 83 3
16 6 12
11 31 8
36 3 2
25 79 6
78 5 16
3 59 13
64 26 18
69 38 15
4 68 26
30 16 30
74 32 27
13 5 23
81 3 17
32 29 26
15 17 1
15 73 5
29 9 22
51 78 10
67 45 9
20 37 1
5 73 12
48 86 14
84 39 24
71 34 8
61 49 14
5 26 5
22 55 3
14 69 27
5 8 17
27 28 1
66 33 17
9 43 14
47 37 30
51 18 7
84 42 9
45 47 20
40 70 26
45 46 7
1 13 12
53 41 3
15 17 12
87 26 29
80 35 21
23 87 30
51 81 22
39 88 27
16 39 18
10 46 18
73 9 0
54 63 9
63 78 9
68 37 12
27 28 2
75 51 29
51 12 12
70 14 25
60 30 8
30 2 26
8 75 17
89 1 24
84 26 18
57 57 16
57 46 0
54 31 29
48 82 18
85 24 6
31 84 12
68 24 29
62 84 6
65 84 11
3 40 20
33 7 9
48 26 11
54 42 14
72 0 16
13 48 9
20 41 20
19 20 1
20 82 3
58 19 23
7 74 7
35 17 28
81 27 1
32 81 21
13 64 24
1 39 21
52 22 2
59 41 5
0 24 29
78 82 23
22 52 15
6 49 21
50 40 25
82 34 24
14 48 18
51 11 23
84 63 13
31 32 27
49 85 4
8 35 8
37 58 18
13 26 22
5 76 0
63 68 23
37 45 11
74 6 11
75 53 1
46 46 30
73 5 8
33 65 27
76 65 14
5 78 9
73 83 7
54 19 7
17 56 30
42 2 9
78 78 20
88 86 4
3 69 30
54 13 30
51 51 30
16 57 13
60 40 27
0 56 7
22 73 4
0 77 6
36 66 4
87 26 11
4 81 21
16 46 8
56 7 7
33 24 4
88 84 23
47 46 30
76 30 17
34 82 24
84 28 29
46 77 2
42 81 5
70 60 15
73 26 26
38 22 18
59 20 1
83 67 11
36 16 22
62 50 6
37 6 28
41 52 17
71 56 6
54 89 25
32 72 11
69 20 24
2 42 13
71 35 5
6 71 4
75 5 15
85 43 13
86 84 29
36 27 12
15 81 15
17 75 17
7 16 18
57 18 26
89 51 0
61 19 2
49 5 14
49 0 1
17 48 18
89 84 5
0 62 0
89 41 14
33 48 11
88 67 7
56 28 1
60 0 4
8 11 6
51 23 11
9 2 20
13 54 13
44 54 29
66 15 0
36 49 26
75 9 9
42 65 21
60 88 2
8 6 20
13 19 25
19 28 1
35 41 3
45 47 13
42 23 11
27 22 19
75 59 18
47 11 8
10 71 13
63 42 9
0 17 4
49 36 1
11 71 16
79 79 23
21 31 20
69 20 22
37 5 9
15 15 19
20 25 21
23 51 18
84 13 16
74 62 28
54 36 6
37 25 27
29 47 27
44 26 7
44 63 19
12 78 14
44 60 9
57 83 5
36 77 23
70 23 24
51 77 12
28 76 19
83 15 22
42 22 6
73 28 15
19 2 9
33 46 23
34 65 8
48 11 4
75 82 13
74 5 3
20 33 23
43 79 1
23 31 21
81 66 10
74 47 9
56 42 3
61 76 15
59 86 1
6 71 6
15 56 29
26 38 9
23 43 8
87 28 20
46 19 21
32 55 27
21 22 22
57 83 15
30 14 3
66 20 15
5 88 10
1 24 28
30 9 28
11 58 30
22 14 7
62 9 5
59 30 1
60 49 18
48 79 0
33 18 16
89 23 12
73 76 21
5 16 4
32 79 26
87 64 13
33 36 5
34 57 7
58 27 26
88 76 11
43 71 27
70 70 16
43 15 7
54 20 8
74 14 26
24 11 19
79 6 6
15 40 14
72 60 4
88 59 19
17 64 1
3 44 27
25 49 10
72 13 9
7 49 19
73 73 8
62 25 12
10 2 3
16 74 13
11 34 26
44 52 12
58 17 20
14 42 25
75 76 19
28 45 4
85 29 8
25 53 8
61 63 11
9 79 21
56 52 6
86 58 3
52 26 11
62 2 11
31 77 14
65 15 24
20 62 5
11 87 9
78 58 8
58 68 17
23 86 11
74 45 5
87 7 2
79 70 27
75 63 26
6 1 6
35 73 19
54 84 7
75 35 19
31 3 20
80 26 23
40 10 22
59 59 29
28 48 30
37 34 19
48 2 12
75 89 17
36 54 6
84 1 20
63 84 6
72 74 13
40 25 18
14 46 22
86 36 3
62 35 2
50 84 0
0 31 23
76 67 9
57 23 1
72 87 5
53 31 5
23 71 15
3 86 9
4 44 14
16 17 0
62 29 21
35 81 20
7 68 14
33 35 10
22 69 30
5 85 24
62 18 16
17 73 30
69 77 27
68 4 9
12 28 21
40 25 17
61 32 13
21 65 13
4 87 7
37 2 0
11 27 4
18 44 4
74 23 20
46 53 25
73 65 19
1 67 1
62 0 25
12 21 3
48 78 2
64 77 19
75 50 30
14 30 23
78 14 2
2 60 13
19 5 25
27 58 26
61 83 7
89 5 7
2 53 7
55 28 6
73 65 26
27 80 22
78 30 21
62 32 21
61 14 27
88 3 0
3 26 18
60 25 0
10 28 17
1 45 17
16 28 0
44 18 29
12 6 15
46 68 7
51 1 29
76 52 9
69 17 8
55 77 22
8 49 21
66 50 7
63 29 25
35 73 16
11 47 1
55 3 11
56 17 27
33 3 11
14 34 19
21 51 25
53 21 5
38 87 26
68 22 2
36 57 18
23 30 3
67 48 5
52 14 17
38 10 2
76 24 20
41 45 25
7 8 19
22 8 18
88 76 5
55 23 13
57 8 7
16 37 2
69 89 3
48 37 7
83 23 22
61 26 25
1 85 5
51 18 16
9 68 28
42 34 10
42 1 3
34 70 11
23 49 11
40 7 1
15 52 19
66 24 24
72 25 8
48 38 7
33 48 12
5 52 28
89 4 5
16 0 9
18 23 12
19 63 3
20 40 12
7 16 26
20 88 12
80 47 17
69 42 27
36 47 15
89 47 29
53 25 6
50 43 18
5 24 29
20 45 17
50 14 2
13 34 11
54 76 11
43 55 18
80 1 29
41 0 24
58 16 5
37 28 14
40 33 29
17 16 19
48 66 3
5 79 3
13 43 28
30 48 18
0 0 20
17 3 27
43 61 15
4 61 20
60 11 24
88 28 0
86 38 19
7 44 16
15 19 3
9 50 24
58 50 13
33 29 14
9 72 25
52 38 20
34 8 15
11 58 8
42 16 14
63 24 4
73 39 20
89 48 8
26 68 14
1 12 5
69 73 9
33 35 25
6 31 9
43 42 17
18 46 6
83 19 7
13 55 24
52 16 21
13 42 16
76 5 26
78 37 18
24 70 4
8 39 3
52 82 6
64 10 13
3 3 12
56 68 14
20 82 26
84 57 10
89 43 4
67 83 28
29 17 12
26 77 4
16 39 18
11 14 4
1 17 1
62 36 17
88 56 6
40 13 5
87 64 30
12 41 20
11 70 15
43 58 11
24 37 11
87 48 5
32 11 24
71 73 14
50 71 28
21 74 26
50 33 24
85 45 14
23 19 13
30 62 25
77 87 19
74 46 3
46 79 19
36 60 13
62 20 3
69 41 12
88 54 17
44 49 24
41 72 29
32 64 9
82 52 2
41 36 22
11 44 10
82 81 28
46 15 0
6 84 23
40 45 10
70 89 20
17 2 9
35 34 26
25 79 15
65 82 21
9 3 16
84 47 25
1 4 27
28 62 20
58 13 1
53 45 21
58 62 3
8 59 19
60 84 2
88 59 0
62 30 16
80 24 5
52 25 11
1 15 6
34 74 30
23 89 10
24 19 30
28 27 26
66 49 7
55 47 4
36 71 8
21 24 27
16 76 25
66 39 4
37 73 17
73 58 9
26 83 2
3 21 3
77 49 7
18 66 27
18 12 22
48 86 6
65 64 6
70 40 16
52 78 26
18 23 3
73 12 30
19 15 17
83 3 14
69 73 19
64 1 0
40 11 5
41 39 5
79 71 11
67 33 28
38 13 24
29 86 8
14 67 8
71 61 18
50 2 14
4 66 29
61 16 10
76 57 14
13 9 5
43 76 18
22 76 6
25 15 9
40 81 25
33 25 27
80 75 20
21 41 2
14 13 21
19 89 24
77 65 15
26 70 10
60 2 6
17 28 3
22 30 1
5 25 15
10 16 30
18 89 2
53 13 23
15 33 1
87 72 6
77 9 14
54 31 21
68 11 23
8 85 22
30 0 28
38 63 29
46 81 3
43 6 10
53 22 28
76 71 9
75 58 17
1 74 10
72 53 22
43 61 2
7 53 1
86 54 17
53 10 6
19 53 2
88 68 25
11 16 3
58 1 11
76 3 1
35 37 5
6 43 30
62 12 11
80 8 26
34 61 15
68 80 7
19 78 25
44 51 8
50 71 22
77 57 22
36 55 23
10 61 18
7 85 29
58 37 20
87 71 22
36 50 1
0 31 30
32 38 10
43 50 14
55 37 22
32 73 15
8 45 13
80 15 20
21 35 5
75 33 13
9 69 23
24 70 4
41 64 11
71 69 12
83 86 18
63 28 30
59 89 24
79 79 25
41 62 13
3 47 13
89 19 11
44 5 7
83 46 28
32 27 18
32 21 28
69 46 18
13 67 8
41 56 17
46 60 10
87 25 9
32 24 2
85 31 20
80 76 29
12 19 10
13 51 3
10 82 30
88 5 14
75 9 25
65 17 25
28 66 13
0 9 5
81 56 20
39 9 4
43 21 27
74 86 5
51 6 18
35 5 3
87 42 16
16 18 14
56 46 11
32 8 18
85 89 17
40 38 12
20 81 30
71 27 27
45 40 27
63 76 20
87 35 8
81 51 11
3 70 5
44 64 1
55 59 30
71 62 19
58 82 28
28 26 3
84 71 11
57 45 15
86 4 29
68 85 16
68 51 0
76 57 23
54 22 28
31 56 3
8 76 12
28 67 21
38 61 0
50 28 28
48 77 16
43 55 9
0 86 18
79 34 25
81 89 14
66 30 3
23 39 29
24 29 1
0 29 6
61 79 6
77 89 23
7 43 1
74 5 14
65 85 3
60 38 1
2 66 5
38 89 4
23 23 26
74 75 10
59 8 0
73 85 7
35 54 30
53 1 23
67 66 14
78 88 28
87 53 25
37 1 12
78 76 27
59 23 28
31 82 15
44 27 18
57 63 18
75 26 23
61 56 21
41 6 4
22 3 18
68 41 2
76 29 17
17 50 0
47 43 21
86 50 23
83 17 29
6 55 7
20 78 1
62 29 15
64 51 17
82 30 11
11 16 5
68 85 18
59 4 4
4 1 18
28 46 11
26 52 8
50 72 3
54 6 9
64 70 24
25 62 9
42 73 7
88 14 14
4 73 24
16 39 20
78 67 21
30 3 10
88 15 14
45 69 19
31 43 29
68 31 4
60 35 2
67 33 11
70 37 29
39 16 17
61 56 26
77 48 24
69 47 14
81 2 28
61 33 19
21 63 3
6 85 17
27 63 8
61 5 21
79 44 30
7 15 18
55 54 28
17 33 6
84 76 13
2 47 29
16 30 15
23 37 10
65 26 23
50 87 4
35 38 6
87 8 18
16 63 28
46 80 15
70 36 24
21 39 8
4 17 30
13 41 27
18 68 0
47 81 24
82 26 0
32 75 6
88 54 8
31 10 26
8 42 10
22 63 23
46 30 22
10 43 5
11 23 22
0 71 18
38 25 14
77 57 8
34 17 17
17 49 10
80 19 18
13 41 27
76 49 3
28 59 23
21 70 2
44 32 26
59 33 5
61 20 5
49 55 13
53 72 23
29 24 22
10 37 30
54 75 26
38 13 5
27 86 25
40 41 22
86 62 22
67 33 21
68 45 28
86 8 15
63 0 8
21 62 19
72 26 5
31 64 21
12 53 8
25 4 16
70 52 2
21 82 7
82 60 11
70 18 29
40 81 8
86 64 25
41 46 14
34 78 11
79 52 6
82 77 0
88 57 21
66 40 9
77 32 30
44 64 4
71 14 14
60 62 20
21 66 19
8 10 5
73 51 12
49 5 5
82 3 3
39 69 27
78 19 5
87 25 25
76 6 9
56 28 25
62 11 30
24 71 0
27 54 13
81 13 13
85 57 18
18 6 26
81 46 14
87 43 23
30 81 20
39 47 11
20 71 21
30 6 0
12 85 21
45 76 26
84 33 17
89 51 13
73 43 23
38 2 11
28 84 14
76 33 11
62 16 24
21 8 5
89 72 22
83 27 23
52 74 13
79 73 26
75 18 23
79 56 9
36 46 8
75 32 29
34 4 30
26 25 15
24 76 11
69 31 29
62 83 23
89 35 9
78 72 9
33 61 10
81 7 29
34 83 22
72 79 4
36 15 21
60 1 13
66 32 26
9 4 29
27 4 1
79 44 22
22 77 20
58 31 6
13 65 24
89 9 25
42 7 29
19 67 10
35 43 21
81 14 22
83 3 23
82 83 22
11 15 9
53 35 23
13 10 10
55 62 28
49 14 16
19 85 16
81 30 10
46 74 22
16 29 16
80 22 30
8 85 11
66 49 1
64 62 22
0 79 9
34 38 26
76 20 0
56 63 3
42 19 1
42 36 23
7 26 3
56 87 27
81 63 19
14 89 16
48 89 12
53 86 27
35 72 30
50 0 29
19 4 13
63 8 5
46 16 24
65 34 2
79 25 6
53 40 27
12 88 14
89 13 24
39 48 11
8 60 23
41 80 5
3 15 12
53 61 28
39 88 22
75 77 5
45 2 6
15 15 18
37 66 20
54 15 2
16 24 30
68 27 9
48 30 5
37 45 8
4 46 21
5 31 5
84 39 14
74 54 28
63 53 30
27 18 16
39 34 11
74 64 14
9 22 5
11 60 20
74 26 19
7 84 4
70 40 11
83 24 3
73 87 25
1 24 7
73 26 23
3 10 28
50 20 0
89 83 10
31 68 24
72 37 3
16 17 11
89 62 21
88 7 26
51 9 7
84 44 1
23 48 5
26 60 25
14 60 4
23 53 11
59 35 3
51 51 17
83 12 1
50 11 16
66 62 28
16 57 24
83 42 10
32 69 0
53 45 27
15 68 20
60 0 26
52 13 16
23 7 28
19 57 7
23 33 7
35 11 1
54 56 12
31 88 5
31 51 9
0 29 4
23 51 13
44 65 2
78 88 18
34 70 16
2 3 22
84 38 13
5 3 16
6 86 11
1 79 15
40 80 5
20 65 17
52 71 27
8 21 18
22 18 21
4 20 20
32 66 10
72 71 16
79 39 15
84 40 6
64 43 16
22 25 5
44 78 23
80 48 28
76 70 14
14 74 20
83 17 22
24 89 17
21 40 19
14 34 0
86 9 1
21 83 24
73 37 19
16 79 21
33 65 16
16 79 17
33 34 17
64 21 27
0 42 0
14 18 9
82 66 6
51 49 28
7 32 26
42 11 0
86 44 26
21 23 3
31 56 11
71 83 25
21 83 3
64 59 16
51 51 13
9 64 7
12 34 5
14 76 25
44 34 6
64 56 19
73 49 26
78 30 13
15 14 26
45 78 26
4 1 7
29 62 5
65 74 8
44 88 5
34 5 15
31 31 26
50 14 18
88 54 13
67 31 0
54 77 13
10 43 30
17 34 22
51 9 19
29 54 16
45 50 8
6 81 23
74 4 0
12 2 11
32 32 20
66 86 28
50 6 20
87 75 11
58 37 5
13 28 6
56 74 8
29 80 15
32 64 16
50 76 4
84 18 20
21 46 1
36 58 29
55 55 21
71 75 8
6 88 29
47 17 26
10 46 12
17 78 14
66 0 20
80 46 8
35 68 7
39 14 3
48 31 20
5 12 20
51 70 20
74 79 5
42 0 12
53 17 3
38 46 8
61 36 7
65 33 17
26 72 7
45 83 28
43 50 29
65 12 11
48 48 13
47 52 9
3 15 14
89 15 14
47 77 9
52 52 22
35 78 18
46 85 28
37 1 9
2 28 1
37 76 28
62 86 23
87 89 0
2 50 2
14 59 18
63 22 23
17 19 21
5 66 17
77 65 30
33 67 14
1 14 26
17 77 2
9 36 17
17 0 12
41 15 26
51 40 1
76 19 16
52 24 17
75 63 27
9 6 17
61 7 23
10 76 28
7 86 8
55 13 9
63 54 12
3 68 28
54 16 13
87 68 15
58 53 1
56 62 9
31 86 9
21 58 27
11 66 21
38 83 26
66 19 11
70 22 24
77 38 26
12 88 7
62 18 9
48 75 2
40 16 30
1 89 22
39 11 14
73 11 21
83 77 21
19 20 10
23 59 18
43 71 29
4 6 0
71 16 17
72 18 2
69 19 7
34 21 1
28 4 19
15 49 10
21 68 16
11 1 4
39 7 14
66 63 0
21 44 25
13 26 1
21 57 2
29 2 21
10 30 15
3 7 12
73 80 17
87 1 27
18 2 5
34 30 14
57 13 7
57 26 9
76 48 21
76 39 0
7 50 27
46 15 26
83 88 18
23 85 11
54 65 21
54 9 19
27 28 1
7 86 17
66 34 2
40 20 25
68 79 28
88 35 22
25 81 23
42 14 10
60 30 18
42 84 0
55 73 17
44 81 30
59 57 11
32 59 22
6 89 24
83 49 0
84 74 19
46 26 8
54 48 25
0 52 9
45 18 7
80 24 23
22 83 4
87 77 2
45 83 13
43 38 4
77 85 28
12 3 10
13 19 23
6 19 25
83 64 3
54 55 21
67 39 30
10 88 3
63 43 27
78 49 2
51 36 13
9 49 20
44 24 2
0 31 8
46 24 3
34 40 6
46 70 16
51 80 12
43 15 15
80 3 20
28 17 25
61 26 15
59 32 29
77 84 2
76 40 1
49 36 3
2 82 0
31 43 27
21 86 23
55 39 0
47 67 24
38 39 28
40 60 25
67 9 2
86 85 17
40 7 7
35 9 28
61 2 11
78 24 25
34 41 1
83 88 1
60 89 6
24 39 7
73 68 1
27 65 0
21 15 4
13 12 20
50 74 2
41 24 21
80 58 1
30 13 23
47 73 18
14 60 28
3 43 24
1 70 3
47 53 30
62 29 17
10 79 21
89 82 8
63 34 1
41 26 0
17 74 29
44 88 24
20 53 6
27 16 10
61 26 18
21 50 10
83 61 10
53 60 28
9 85 0
23 36 12
12 15 9
75 59 24
70 42 2
19 69 5
0 41 1
48 24 25
74 69 5
13 32 3
34 41 10
52 26 28
7 38 16
87 76 19
76 56 7
27 75 0
47 37 2
41 86 7
48 32 5
25 7 13
63 41 8
58 56 22
51 25 20
60 22 3
39 60 24
59 88 24
21 45 17
76 49 16
65 59 1
85 84 13
47 57 16
12 77 9
55 39 6
47 9 13
76 48 24
20 70 10
2 53 7
73 40 13
12 67 23
35 25 9
13 72 7
46 47 23
46 64 23
32 73 25
3 60 12
35 80 24
64 44 1
11 79 2
21 1 3
38 88 10
50 11 3
81 20 22
9 66 21
67 60 26
44 64 6
83 9 14
13 35 16
86 9 23
33 30 20
47 69 6
87 29 25
71 72 30
64 81 29
83 58 28
34 64 6
7 20 18
61 33 13
69 81 26
28 24 8
41 71 14
53 30 20
38 63 2
81 89 13
24 83 11
27 79 23
57 87 29
5 58 23
79 89 2
72 27 3
58 31 25
60 84 18
16 32 16
81 75 6
10 61 12
50 50 23
64 17 19
8 23 12
37 64 16
57 9 22
63 67 16
12 89 7
82 15 14
88 59 5
3 69 7
53 81 17
2 55 10
39 63 1
5 10 5
9 29 16
54 2 11
40 15 3
72 7 9
8 57 4
71 60 28
15 23 29
61 78 1
73 27 0
70 32 20
4 3 30
74 19 2
84 59 18
3 41 5
27 11 10
21 82 6
8 59 3
24 31 23
58 66 26
28 9 24
8 13 29
17 49 1
81 43 18
70 46 23
29 74 30
7 57 7
83 65 27
17 51 9
29 72 25
30 10 17
26 18 19
77 87 13
57 79 13
7 21 20
51 50 9
68 57 18
39 13 9
70 82 11
42 74 26
43 66 19
14 54 14
89 41 5
33 9 28
20 68 4
54 81 2
86 21 30
33 61 1
59 41 11
47 46 16
68 51 15
10 65 30
21 64 24
30 7 2
80 28 7
10 44 1
4 41 16
55 36 25
82 6 20
63 15 13
28 45 27
21 55 18
17 39 0
17 31 23
77 22 2
78 84 21
71 88 24
85 15 29
32 59 13
20 32 19
17 22 7
64 6 29
35 23 5
33 2 0
0 42 10
85 82 10
86 63 0
1 20 9
42 14 6
51 87 2
37 14 11
16 78 19
65 76 23
63 71 15
3 71 30
54 28 7
10 24 12
15 25 1
36 29 22
27 80 8
50 27 30
19 6 23
33 33 2
84 7 1
47 10 8
15 64 27
65 36 13
50 14 23
18 50 22
1 77 25
32 89 14
78 19 29
36 14 6
70 8 9
85 55 4
5 70 3
43 7 18
15 58 13
27 76 26
17 39 5
49 72 6
18 22 15
8 58 16
69 38 1
9 85 15
49 52 25
77 5 9
0 72 9
79 10 22
29 27 12
18 38 13
6 56 27
66 26 13
49 5 2
79 66 28
88 77 2
77 65 11
74 27 8
39 69 15
5 60 21
48 78 20
35 46 25
6 22 2
73 72 19
12 23 21
74 73 10
60 60 23
51 45 12
24 46 18
60 51 9
84 61 19
5 58 20
86 64 28
51 9 30
36 21 21
88 57 18
37 79 14
13 40 19
16 27 11
89 49 10
41 43 26
34 48 14
73 6 26
6 58 15
64 56 12
16 54 16
42 1 23
38 14 15
41 31 1
52 30 24
77 33 10
74 67 14
1 12 26
82 71 17
7 7 6
44 23 11
10 27 11
55 27 27
51 30 9
36 83 6
70 70 28
58 54 29
56 55 27
60 10 22
47 69 10
38 23 10
45 33 9
54 89 21
40 12 3
18 49 25
79 29 6
45 49 1
78 15 22
34 38 2
23 85 18
19 85 17
1 40 19
10 57 9
8 59 2
37 77 2
59 28 27
24 35 26
43 24 13
41 20 15
50 44 15
0 63 21
63 64 11
32 36 24
0 7 29
33 44 3
76 14 13
59 0 27
54 43 9
64 46 15
22 58 4
79 58 17
79 84 1
81 26 23
51 79 12
79 74 0
19 22 11
78 44 20
82 8 26
72 72 19
82 56 2
47 45 22
37 86 4
53 77 25
68 0 2
38 42 1
15 61 19
5 49 24
48 3 10
43 75 21
47 30 6
72 39 15
65 76 3
14 1 10
41 70 2
58 70 3
20 85 20
5 53 2
34 11 5
71 16 11
52 26 26
89 8 28
43 35 3
83 11 8
21 52 9
11 20 12
5 41 20
60 8 11
75 43 3
56 76 23
74 1 29
84 0 22
81 6 20
26 89 29
62 20 10
41 83 27
0 88 18
6 59 2
66 6 4
46 24 30
5 60 9
42 54 7
87 45 9
77 33 16
78 6 4
4 9 6
40 61 25
41 67 15
88 5 9
51 14 13
0 71 3
2 24 7
4 21 20
13 61 12
73 11 22
25 15 28
61 17 7
58 58 13
75 57 23
9 70 9
20 32 25
1 34 6
36 38 1
41 13 2
28 86 5
34 74 19
50 45 7
36 65 20
52 51 27
74 60 1
71 80 1
88 43 3
1 42 19
26 83 20
21 73 28
28 18 9
13 68 0
67 66 28
37 81 12
79 65 21
10 8 8
64 7 5
61 8 19
59 34 6
71 18 10
41 8 22
85 73 4
84 50 26
21 50 9
9 39 6
58 11 26
21 75 2
27 47 29
24 68 16
66 49 27
53 0 7
7 85 30
42 42 16
54 25 9
19 35 8
49 55 12
88 76 22
5 13 7
73 89 17
86 27 10
40 81 14
41 50 3
40 54 7
37 71 23
8 0 29
18 12 17
39 10 22
8 67 19
24 13 26
71 61 16
77 11 0
45 15 30
9 55 17
29 54 15
75 62 4
65 80 20
21 29 28
14 38 24
35 24 9
4 5 28
14 82 14
67 0 6
80 9 2
19 1 16
30 76 26
55 51 9
40 34 6
87 11 11
21 46 25
21 12 6
81 78 24
63 55 30
60 45 25
22 27 15
0 19 25
78 74 19
18 24 15
78 21 2
47 4 3
41 25 8
3 69 0
9 42 12
53 65 10
30 87 10
9 50 26
25 38 29
3 19 12
68 7 28
53 16 10
47 20 27
54 23 13
49 32 11
9 47 30
67 39 8
24 10 22
0 36 3
50 1 23
86 69 24
15 85 16
77 4 25
88 58 23
78 17 5
20 79 26
80 18 20
47 43 0
26 43 25
43 56 15
42 14 20
9 30 10
45 17 13
49 67 12
38 55 1
21 37 25
13 27 3
45 74 2
87 62 17
75 68 16
26 72 7
9 43 17
39 89 24
74 10 24
39 49 26
21 32 12
7 46 12
49 1 30
6 88 28
58 35 4
39 23 15
72 85 19
7 34 2
11 70 18
30 19 27
28 3 1
11 10 0
74 21 7
84 79 24
66 9 14
26 48 20
58 82 3
5 89 0
80 10 26
37 2 29
5 82 12
5 56 27
14 40 15
75 86 11
45 62 0
11 88 28
1 18 7
38 24 16
20 66 19
86 65 1
81 32 21
42 89 30
12 13 7
18 51 11
50 6 4
54 69 25
17 71 23
62 71 19
68 53 15
47 49 23
81 41 8
17 83 5
9 57 11
3 75 0
84 88 27
48 52 14
62 31 9
56 3 15
37 72 30
45 81 20
81 72 12
58 89 18
35 60 2
78 64 9
81 58 21
53 68 3
42 40 11
26 59 27
81 58 0
10 65 11
41 18 28
74 77 10
11 74 20
57 24 0
12 16 19
56 31 23
62 73 4
61 61 14
26 52 12
25 25 12
54 28 5
79 12 1
13 75 1
8 4 17
67 17 16
57 73 25
25 7 25
85 30 25
77 57 6
88 82 30
75 8 21
81 87 20
35 63 18
64 71 13
80 11 16
21 30 15
46 17 9
53 64 14
32 51 23
77 12 1
57 87 23
13 78 22
85 76 10
1 50 5
64 2 8
1 76 4
64 32 20
43 85 23
53 79 0
82 66 22
66 33 8
20 8 25
61 56 11
38 57 27
86 83 30
17 47 2
30 21 0
60 26 16
64 42 15
82 86 3
74 24 6
12 44 12
42 16 12
6 16 22
72 64 23
13 81 0
30 73 28
79 43 24
34 17 3
82 62 13
54 46 28
74 20 5
65 62 28
59 68 14
35 13 28
43 78 14
59 19 7
59 60 25
85 56 28
25 48 15
51 65 10
12 49 19
70 76 1
53 46 2
53 43 17
78 48 8
5 18 11
56 77 24
9 34 29
83 59 10
39 72 2
3 85 7
26 27 8
74 80 14
24 5 16
25 84 6
28 51 12
51 17 1
44 78 28
55 33 30
77 72 22
22 76 0
31 64 0
26 10 18
67 34 7
23 21 24
28 50 21
51 63 6
75 17 1
43 34 5
32 74 29
42 6 25
60 89 6
54 25 7
0 54 28
3 40 22
1 68 1
63 82 3
53 29 21
84 73 21
20 15 12
28 19 25
75 80 7
6 44 22
89 6 26
79 9 28
1 62 7
62 36 1
59 51 13
34 7 6
44 27 6
0 56 8
53 41 9
67 47 8
16 8 25
72 88 1
78 89 24
25 23 23
53 82 29
21 79 18
24 33 22
43 34 10
81 49 3
19 26 9
15 4 3
55 39 8
28 79 20
64 14 3
8 30 26
4 51 14
7 76 19
37 29 19
86 72 8
85 53 24
4 68 26
73 85 8
50 23 25
78 50 26
39 58 11
45 62 24
40 31 6
31 31 27
17 27 2
15 74 29
38 40 27
28 23 15
19 35 30
52 23 29
9 25 2
86 70 15
86 73 16
35 66 2
12 45 10
24 60 15
50 61 21
3 51 4
2 33 1
77 85 30
22 4 2
26 52 3
54 48 17
23 45 30
24 20 0
65 6 23
39 56 3
68 59 26
30 24 4
27 11 25
62 86 20
70 22 2
73 38 22
58 61 26
72 47 5
3 75 26
84 24 23
47 54 25
23 84 11
70 74 13
74 46 28
44 79 25
66 62 19
46 82 25
34 26 13
42 29 26
56 24 15
89 33 0
1 56 16
27 88 3
26 34 20
74 78 4
15 54 24
33 62 30
36 59 24
48 63 6
84 82 27
68 81 0
16 82 9
49 71 29
28 7 19
54 43 28
68 59 29
55 54 7
86 52 22
15 10 13
12 56 9
47 34 1
63 13 10
59 24 18
1 53 5
29 17 1
45 85 26
77 12 9
44 60 2
69 76 16
68 50 19
59 8 20
3 33 21
81 3 5
88 56 5
27 48 7
47 55 19
50 5 30
17 49 10
74 28 12
13 7 13
61 28 4
54 84 18
59 37 30
51 36 7
6 25 29
68 34 29
36 84 2
30 11 21
32 47 10
73 22 14
36 84 11
7 48 28
63 69 15
85 31 18
73 37 10
71 16 25
34 14 25
3 44 15
20 38 30
28 73 22
5 19 11
63 78 15
76 52 27
37 47 18
86 82 20
70 63 12
88 7 13
62 62 18
47 83 9
79 73 26
6 41 20
54 14 26
75 52 29
23 0 28
54 48 30
84 29 29
41 79 24
63 14 16
2 61 26
17 13 4
67 19 23
9 35 0
30 20 23
12 5 15
56 21 23
1 16 23
10 57 9
40 82 7
80 84 30
76 63 14
17 3 15
37 12 7
85 42 9
5 17 13
30 73 8
51 74 11
25 46 2
78 86 25
18 77 5
19 25 9
85 42 1
42 41 30
86 36 30
23 3 28
56 33 19
20 46 5
52 71 8
51 22 27
42 40 11
28 21 20
40 16 25
54 20 14
81 16 22
61 2 4
19 58 10
51 40 28
29 2 23
53 53 28
36 57 24
6 48 4
1 88 19
0 52 14
40 44 29
78 67 10
82 48 1
81 61 6
36 0 9
25 16 8
36 52 0
49 21 18
83 74 8
5 75 2
89 77 0
10 28 1
22 20 28
55 63 10
37 9 14
74 35 12
73 33 2
2 45 27
69 0 12
6 6 10
86 5 4
81 67 17
16 0 18
89 17 17
43 16 10
50 0 19
35 36 8
73 38 2
3 18 3
8 24 27
50 72 28
42 26 0
9 42 18
11 3 20
75 8 10
21 21 30
2 56 23
69 1 18
52 57 3
74 65 17
64 78 24
22 30 30
47 1 1
34 12 29
0 50 28
20 71 13
3 36 23
22 67 0
80 29 1
27 14 3
51 40 17
58 62 14
52 71 10
89 15 20
0 15 30
10 88 19
3 1 5
15 24 24
80 66 20
60 3 24
67 17 3
25 37 11
12 89 21
1 88 16
3 51 18
68 61 5
25 27 3
70 4 5
2 84 29
54 16 15
81 45 8
21 70 4
24 83 0
8 84 28
59 49 23
88 28 11
77 15 4
30 86 25
6 88 8
11 14 18
71 6 26
58 27 17
44 51 3
29 21 25
13 81 9
10 41 14
31 81 30
78 21 28
40 79 30
47 0 29
33 33 15
12 53 22
61 7 1
66 37 2
27 12 10
89 23 12
52 54 10
68 4 10
42 6 13
66 16 17
53 49 4
60 61 13
57 32 13
15 60 6
46 49 20
31 11 11
19 63 22
88 41 26
50 45 17
39 21 2
43 37 0
81 7 6
82 64 4
0 41 30
8 50 14
80 43 29
85 62 25
16 22 30
3 72 10
87 73 23
45 27 6
14 18 3
44 62 3
69 62 5
64 32 11
70 22 0
88 69 11
40 85 25
34 51 19
34 48 3
56 56 26
25 70 29
54 77 23
19 56 21
77 82 29
6 62 1
67 22 14
63 25 24
42 59 28
4 55 8
39 22 29
63 9 25
29 25 3
5 44 25
43 32 30
76 0 0
4 67 27
39 2 10
31 45 10
37 49 7
1 50 21
21 75 29
35 14 1
75 19 29
42 24 27
2 63 6
76 67 27
44 68 9
38 9 6
52 8 6
70 9 12
34 82 15
8 28 17
7 65 6
50 17 4
50 71 8
87 19 16
64 64 13
6 64 21
82 26 8
80 59 11
89 3 26
84 11 19
54 70 21
6 83 26
72 43 6
73 40 17
51 67 28
7 73 16
24 27 21
50 17 14
48 69 20
38 25 2
18 41 19
63 47 11
35 29 3
41 12 0
67 25 28
28 32 6
54 19 29
68 31 12
51 79 26
89 79 27
11 7 28
4 32 6
79 68 23
18 19 27
11 86 1
71 77 20
76 41 13
18 71 17
30 84 12
21 83 24
89 5 8
57 61 14
34 50 6
2 30 21
73 41 15
42 74 12
43 60 1
25 79 1
38 19 24
41 3 27
86 2 11
10 21 27
56 17 24
81 72 3
87 17 26
51 59 30
3 64 17
47 89 14
35 38 2
16 41 6
81 37 18
23 9 6
26 66 5
42 19 5
88 68 0
47 29 25
81 84 5
48 4 11
55 1 0
82 17 15
74 9 13
31 84 2
9 73 28
56 25 30
86 75 2
43 84 17
59 38 27
12 86 3
17 13 3
59 58 24
15 4 28
61 35 28
26 6 15
57 63 18
31 59 3
21 64 0
2 33 7
30 8 8
24 77 18
19 46 5
84 24 4
67 85 2
7 21 5
72 40 16
20 71 11
57 54 17
37 56 29
54 49 18
82 35 27
71 55 23
80 11 22
3 40 2
52 10 29
70 82 5
60 65 24
72 32 22
57 31 17
38 48 4
79 40 17
55 21 27
2 63 27
62 66 13
28 81 8
66 61 0
17 83 2
0 27 21
38 85 21
4 85 11
19 75 28
69 2 30
47 4 20
87 67 30
78 57 1
79 33 28
35 12 3
55 65 1
70 13 3
27 69 7
31 88 28
76 29 2
13 38 11
14 88 13
43 76 12
25 28 7
68 25 29
66 80 13
54 23 8
37 50 0
68 81 22
83 67 30
11 81 21
86 57 20
47 62 7
66 87 22
28 27 0
16 55 5
70 20 28
46 19 26
54 87 9
21 81 2
18 54 10
16 50 16
11 8 23
83 74 30
3 64 30
0 42 0
78 22 29
50 31 29
21 47 5
35 68 19
78 49 5
23 27 11
24 38 16
88 32 0
20 87 1
32 50 17
47 38 30
6 50 12
22 33 28
88 30 3
17 19 30
1 42 6
87 66 12
1 26 21
79 9 26
3 41 24
21 50 20
10 56 12
82 40 21
73 1 29
43 18 4
23 71 17
83 68 20
39 69 9
79 20 7
78 23 18
76 45 7
35 17 1
45 62 0
89 45 8
73 50 11
38 36 15
83 29 29
66 30 7
38 71 9
19 59 3
3 7 8
37 5 21
37 50 24
40 11 10
81 84 15
65 32 8
69 77 23
13 16 10
78 16 21
74 36 20
4 39 0
82 77 11
88 76 30
66 26 20
14 70 8
12 45 27
8 24 30
85 89 10
64 40 3
24 24 15
5 28 2
46 73 3
54 71 13
23 10 4
3 24 13
29 88 20
88 6 6
59 53 2
83 27 14
86 51 18
87 18 17
38 27 18
27 81 11
3 14 19
6 17 19
40 9 28
30 7 21
45 28 17
21 74 26
37 70 5
39 68 8
70 68 1
84 5 24
42 9 20
9 67 3
1 69 14
80 10 16
38 55 7
86 38 28
34 37 18
84 76 22
63 57 12
69 13 18
67 17 25
41 27 4
32 28 0
85 70 28
55 18 4
15 67 23
88 63 4
65 57 27
20 31 15
5 62 19
85 39 14
47 80 21
37 23 26
59 70 29
1 35 17
50 50 5
9 10 21
43 37 7
26 57 28
65 24 23
80 20 16
61 29 27
30 28 26
80 88 27
58 51 13
16 64 23
4 73 22
2 27 26
20 53 24
31 80 30
15 71 28
38 4 13
13 34 22
12 76 21
42 44 7
18 23 16
58 27 7
56 81 14
54 12 4
72 5 18
24 20 16
48 58 9
11 34 16
54 46 3
58 50 26
23 68 9
52 36 19
26 55 16
28 71 2
44 15 5
51 1 17
39 49 19
83 22 9
72 77 11
9 7 22
80 30 21
47 44 2
54 32 15
1 60 22
12 15 18
81 28 27
28 30 15
47 23 26
49 57 18
20 66 12
80 19 13
81 28 6
42 82 30
58 46 5
17 20 26
44 11 20
73 1 29
61 11 4
33 60 19
45 42 15
63 33 18
22 76 8
38 28 1
35 48 12
55 65 14
51 72 10
76 55 17
41 26 21
82 21 0
0 66 26
36 40 0
54 24 0
61 62 30
23 8 12
31 25 28
60 76 4
24 25 25
27 66 15
4 58 30
2 20 23
43 19 6
79 35 21
63 58 11
75 82 9
7 23 13
57 45 20
88 69 18
85 59 3
69 25 11
75 79 26
58 85 2
42 74 22
51 48 28
32 85 20
73 3 14
49 60 17
63 58 14
65 53 15
43 85 13
41 70 4
60 0 15
60 5 13
57 18 28
23 50 28
70 85 22
51 6 7
2 31 17
60 6 16
11 49 15
25 53 19
80 23 13
41 46 7
76 65 16
83 88 24
85 69 7
53 82 7
80 84 12
38 16 12
12 27 8
70 14 10
71 5 11
73 46 14
41 84 10
28 39 24
78 34 14
72 87 27
33 40 13
26 78 21
78 0 29
51 33 23
25 66 4
36 49 15
4 53 7
37 43 8
30 31 13
3 65 11
20 9 10
31 87 25
21 37 12
39 88 16
33 23 21
70 60 11
77 26 21
78 25 6
80 17 21
26 72 13
60 2 15
6 86 8
31 17 6
70 18 13
0 51 10
48 83 3
18 32 7
3 20 3
31 62 9
53 89 14
12 59 8
32 28 8
49 21 0
14 1 12
68 53 9
17 63 18
78 82 27
75 47 8
59 41 2
60 56 17
44 68 6
83 10 3
79 59 6
3 36 25
50 14 12
6 31 16
59 71 18
55 56 6
34 77 16
23 47 7
63 54 21
34 9 11
86 50 19
16 54 13
0 14 13
36 72 23
46 3 15
10 59 25
22 3 25
36 78 22
55 13 2
65 9 0
86 57 27
38 74 18
26 36 17
80 72 0
75 29 16
13 1 27
7 23 10
40 22 27
30 39 2
37 14 4
52 10 0
28 10 29
72 36 23
40 78 22
42 63 14
10 38 11
36 7 25
80 47 7
21 78 25
28 77 5
6 39 26
41 30 4
61 12 20
78 15 21
78 19 1
69 29 29
62 28 12
40 18 0
2 39 19
41 29 7
56 35 27
44 77 8
5 10 1
2 50 24
77 1 11
36 70 12
48 4 19
15 6 15
81 8 24
60 11 18
63 30 30
16 36 28
13 41 9
23 43 27
9 31 10
15 29 1
13 77 10
0 54 2
6 8 13
51 68 8
87 41 18
31 20 9
52 85 16
45 18 26
51 80 29
57 57 28
6 32 16
12 33 9
24 39 2
6 52 19
52 11 1
38 43 9
61 57 16
87 65 22
66 78 20
77 45 23
79 14 7
68 26 22
74 12 21
88 18 28
80 71 25
38 71 12
53 42 17
26 1 15
70 68 4
13 55 22
66 44 5
62 22 28
0 7 25
30 57 15
73 48 1
38 86 3
8 11 27
88 0 29
14 32 1
19 7 2
31 74 29
57 46 7
71 8 2
7 38 18
13 74 9
53 22 8
22 83 22
47 43 4
74 57 7
79 38 17
49 69 27
25 88 14
76 69 25
5 38 25
82 14 8
79 67 28
72 89 7
1 8 20
19 83 19
32 34 5
52 84 4
18 71 15
82 19 4
64 25 25
9 69 2
66 59 27
18 41 8
14 42 4
54 24 8
23 56 21
30 18 13
17 88 15
55 80 27
34 16 26
51 26 24
45 54 29
53 34 16
23 49 9
53 13 11
38 36 26
57 66 11
71 46 24
28 63 13
4 7 3
58 20 22
1 65 10
41 29 29
46 14 24
4 29 11
38 29 11
38 86 26
18 29 30
86 19 4
68 24 12
67 44 19
53 45 27
4 48 29
80 4 5
76 61 15
86 9 7
3 10 0
77 28 5
69 77 6
34 17 1
6 84 10
89 48 30
57 14 22
68 4 7
41 43 18
57 1 8
50 4 29
1 44 5
72 23 15
73 58 12
59 26 1
0 25 30
37 44 18
33 22 25
33 25 12
18 82 18
12 42 27
17 44 0
12 78 27
84 61 18
45 31 16
1 83 9
57 30 24
76 63 26
23 58 18
13 76 19
4 89 30
89 16 22
1 80 0
26 74 0
33 81 21
14 83 13
35 50 3
49 88 16
9 21 24
84 34 16
24 38 27
7 0 28
85 53 16
24 41 12
63 74 21
56 50 16
43 86 21
60 7 25
50 68 22
61 62 20
21 87 6
69 56 7
6 51 23
22 76 17
75 11 5
29 29 6
28 72 24
39 42 24
49 55 28
43 78 23
33 9 29
61 41 14
14 47 30
57 31 14
14 16 29
44 7 28
87 35 30
88 37 1
44 48 23
30 1 23
41 34 20
48 58 8
22 72 13
9 1 23
34 15 14
32 22 11
59 71 24
31 70 14
8 76 4
77 69 13
7 20 1
89 68 4
31 52 26
21 61 30
4 57 0
3 89 4
62 21 11
67 14 17
70 22 15
32 62 28
48 31 16
8 30 12
26 62 28
78 45 30
3 11 5
34 14 7
49 39 6
46 68 26
74 10 9
51 43 7
45 53 12
73 61 10
28 87 11
87 37 28
27 40 18
77 75 27
37 34 1
69 42 29
26 79 28
58 40 1
9 48 23
44 31 2
20 21 2
19 18 18
26 8 21
43 85 6
37 32 8
70 64 7
81 0 21
65 58 1
1 30 3
81 74 16
41 56 16
13 38 0
21 26 30
32 31 16
80 69 27
35 11 6
32 55 10
18 30 15
6 31 29
43 74 29
73 26 27
72 1 2
52 22 14
2 17 15
76 7 0
54 42 3
58 74 19
62 54 13
35 23 21
0 66 2
2 49 19
22 83 13
80 8 0
36 10 2
61 48 21
80 64 4
20 32 18
15 5 22
40 40 15
58 3 0
61 5 26
0 27 11
82 69 20
59 15 17
52 38 22
53 28 27
7 48 9
87 25 6
3 65 0
71 34 21
38 57 1
55 58 29
65 12 12
45 33 28
35 86 27
74 49 6
88 56 1
44 15 27
57 19 6
72 52 16
1 0 28
24 55 29
89 82 30
42 37 30
63 73 0
70 57 21
67 17 5
75 23 3
71 80 1
80 63 15
47 64 14
71 50 24
64 11 23
83 16 29
45 79 0
4 21 16
12 88 15
38 36 2
42 17 14
27 59 19
26 16 6
26 49 7
5 75 16
66 68 17
75 24 6
29 28 8
41 2 29
32 2 9
46 7 6
51 34 26
43 23 19
9 11 14
78 16 6
68 82 25
74 30 7
31 59 13
47 10 2
75 42 8
50 51 0
3 12 14
68 56 25
58 27 21
60 15 24
48 83 22
14 67 16
18 60 4
50 17 30
46 55 18
44 15 29
50 70 13
52 48 21
77 69 28
23 39 7
37 87 7
43 63 10
80 43 24
48 3 22
26 11 4
61 56 8
5 16 12
14 68 6
40 17 13
4 40 14
74 77 10
9 82 28
63 34 11
36 82 3
41 71 4
10 42 22
85 10 24
12 24 24
39 26 16
84 83 19
40 29 26
83 38 29
24 11 8
47 10 4
87 51 9
86 23 12
14 18 12
47 82 22
21 32 29
63 78 2
18 28 9
49 21 24
35 8 26
56 55 9
31 14 22
39 10 8
89 24 3
60 34 19
16 17 1
89 80 21
27 8 29
84 20 6
51 55 10
30 73 19
18 14 5
72 53 4
7 15 2
12 75 27
62 53 8
16 53 22
48 42 25
18 89 12
62 50 12
23 80 1
2 61 12
46 43 21
49 50 11
1 24 23
24 49 18
27 65 22
72 76 6
87 4 5
33 28 16
86 52 0
32 16 28
7 62 27
36 74 9
41 75 3
32 61 0
76 50 28
7 32 16
70 30 22
43 63 22
66 21 26
41 15 24
26 23 18
67 21 11
69 62 8
5 56 30
42 4 27
54 11 17
15 82 23
70 35 28
63 63 13
71 14 7
56 2 25
66 70 21
60 49 8
1 16 11
56 58 13
19 74 5
66 89 25
16 69 13
28 5 18
24 38 7
35 56 8
31 33 14
48 55 6
89 19 14
59 75 7
34 56 11
20 84 11
88 10 0
25 39 27
63 25 29
77 60 27
4 1 5
1 11 7
47 62 5
71 32 0
63 66 17
40 48 12
16 46 3
23 33 22
36 58 18
48 45 29
65 50 14
39 51 25
69 61 11
27 4 9
75 68 2
88 18 26
58 86 11
39 19 1
20 17 12
27 66 18
55 3 30
47 43 27
49 22 14
76 11 5
45 86 4
42 47 22
49 15 8
12 54 21
8 75 25
24 64 22
86 29 2
69 76 2
14 88 30
34 74 23
59 82 16
61 86 25
44 46 29
22 58 0
34 29 25
64 53 26
31 49 30
2 81 22
68 5 26
28 2 18
52 61 8
72 32 0
49 38 15
3 61 4
12 57 0
58 31 11
26 63 25
38 65 10
36 6 22
32 86 12
26 48 15
13 30 2
48 41 30
39 7 11
50 19 28
53 40 15
71 66 20
48 66 16
17 12 6
43 6 14
33 85 4
84 8 21
77 56 28
71 57 19
88 69 0
21 32 20
37 13 12
26 24 6
4 41 26
27 46 1
8 41 12
89 35 4
21 74 10
47 18 8
79 16 6
3 37 2
57 36 5
88 24 11
19 29 28
0 18 16
2 78 18
37 39 16
42 61 9
65 70 28
55 59 20
77 63 13
41 30 20
70 80 28
34 9 23
52 62 12
27 64 5
42 64 8
55 68 10
52 44 8
67 61 22
60 48 16
1 89 10
31 32 16
47 28 7
2 80 9
27 69 23
40 22 29
54 39 27
40 1 30
5 30 15
82 0 14
42 54 2
47 47 14
42 4 29
8 6 11
89 33 11
16 35 15
59 89 5
80 39 21
70 7 29
69 89 20
78 4 2
49 51 28
14 3 0
45 63 1
81 24 12
44 2 5
81 23 22
67 66 6
54 46 29
33 77 22
64 27 27
22 39 24
64 53 27
73 61 12
87 52 23
59 6 15
65 87 19
33 64 1
41 80 21
17 75 30
45 49 9
25 71 27
18 8 3
66 81 25
88 40 12
6 9 4
68 37 16
64 70 22
36 73 6
16 53 1
73 60 23
68 86 16
11 66 1
8 43 14
28 3 19
10 9 1
50 77 26
87 14 19
8 50 19
61 29 25
61 12 24
21 42 13
52 54 14
15 24 24
7 15 19
53 25 26
19 76 23
74 73 1
20 44 21
1 67 10
87 39 25
53 60 17
68 74 10
59 89 9
55 58 5
54 21 8
24 3 21
71 77 29
5 59 24
41 22 8
16 71 16
3 35 6
85 13 25
41 34 14
74 89 12
31 53 11
14 77 7
87 20 28
54 77 30
26 28 30
66 44 22
17 10 28
80 5 30
37 9 11
45 83 24
21 24 24
71 1 8
33 88 25
87 14 15
59 3 28
67 31 10
4 11 19
29 1 6
80 1 13
24 46 15
56 68 19
66 11 28
10 6 3
79 4 1
84 63 17
41 2 26
42 6 10
16 87 6
85 78 5
35 64 25
68 82 11
87 58 6
18 69 15
51 20 5
8 66 4
59 17 11
13 22 16
16 38 15
72 33 9
40 30 9
54 8 7
60 57 26
25 75 12
48 88 21
76 7 3
38 28 17
3 41 12
64 57 6
46 1 3
17 41 16
51 57 27
78 27 24
36 52 4
62 63 30
71 49 10
5 87 25
8 52 6
85 78 23
58 35 21
26 52 4
76 65 28
44 54 7
31 52 15
4 24 27
66 6 22
58 63 29
27 33 30
36 28 6
27 86 3
57 74 3
0 60 12
1 66 5
30 59 7
73 64 3
89 2 9
26 60 30
50 87 19
89 86 17
27 75 3
89 42 5
76 4 10
38 6 14
16 36 7
46 71 23
62 70 0
85 6 12
80 18 20
71 70 29
89 7 1
66 58 19
26 6 21
61 44 3
19 22 5
89 68 9
5 41 11
13 88 29
44 40 0
72 73 15
58 73 15
29 11 3
4 89 15
73 60 26
59 42 12
42 3 7
59 9 16
3 74 17
58 28 6
41 10 3
56 30 25
40 21 13
82 77 0
41 61 30
59 82 20
9 86 10
27 55 18
11 21 15
82 79 11
14 82 28
72 48 29
22 88 17
36 80 9
49 84 23
84 15 3
72 24 12
63 13 3
77 24 13
23 69 8
12 83 21
12 65 1
42 50 27
55 86 5
56 45 13
28 1 15
44 73 19
57 8 4
87 85 12
86 71 0
88 83 3
30 5 25
72 9 25
74 65 20
28 31 6
67 22 14
82 66 1
32 33 6
47 82 18
86 78 19
15 38 18
79 30 11
80 64 29
4 48 24
51 39 1
68 68 17
34 60 9
35 54 23
45 63 27
13 60 1
51 37 15
83 78 28
83 68 10
2 34 15
38 86 19
67 64 2
67 60 9
5 57 27
28 13 0
44 78 30
11 39 27
16 33 23
13 78 10
23 80 15
44 80 24
13 57 15
13 86 27
73 53 1
59 44 4
71 88 23
53 61 14
72 39 23
41 53 2
79 76 9
23 82 6
53 6 21
19 19 11
45 54 16
0 75 26
59 57 4
15 20 10
63 55 1
54 6 0
33 47 19
16 70 13
27 85 0
20 14 10
9 21 23
51 22 0
10 43 8
57 20 11
37 84 6
19 10 12
54 6 12
38 22 15
14 12 18
48 32 1
63 41 20
42 54 17
6 64 22
80 83 0
84 83 24
53 12 26
80 29 5
27 29 30
45 5 17
20 15 14
9 78 3
20 82 1
15 88 29
53 78 2
22 34 18
36 87 18
23 40 3
16 29 21
84 36 23
21 56 7
43 66 12
29 86 30
18 12 29
86 27 16
57 49 4
21 48 26
49 33 3
17 50 9
65 44 25
29 27 7
7 32 19
64 62 15
74 42 15
45 38 6
5 5 18
51 78 15
4 38 23
50 17 11
87 82 10
70 21 4
20 81 11
88 55 29